evaluations raw_y
1 1.0000000000
3 2.0000000000
11 3.0000000000
17 7.0000000000
177 9.0000000000
748 11.0000000000
1753 13.0000000000
17359 14.0000000000
50000 2.0000000000
evaluations raw_y
1 9.0000000000
553 10.0000000000
2873 12.0000000000
14486 14.0000000000
22294 15.0000000000
50000 2.0000000000
evaluations raw_y
1 2.0000000000
6 7.0000000000
304 9.0000000000
1259 12.0000000000
5291 14.0000000000
25242 17.0000000000
50000 1.0000000000
evaluations raw_y
1 0.0000000000
2 3.0000000000
17 4.0000000000
42 5.0000000000
150 6.0000000000
496 7.0000000000
1037 8.0000000000
1114 10.0000000000
2820 12.0000000000
4231 18.0000000000
50000 1.0000000000
evaluations raw_y
1 0.0000000000
3 2.0000000000
33 8.0000000000
886 11.0000000000
1083 20.0000000000
50000 1.0000000000
evaluations raw_y
1 1.0000000000
5 5.0000000000
21 9.0000000000
2911 10.0000000000
3661 11.0000000000
8457 12.0000000000
23997 14.0000000000
31539 15.0000000000
50000 1.0000000000
evaluations raw_y
1 0.0000000000
2 2.0000000000
24 3.0000000000
48 4.0000000000
92 6.0000000000
757 7.0000000000
914 10.0000000000
4151 13.0000000000
9491 15.0000000000
50000 4.0000000000
evaluations raw_y
1 0.0000000000
5 1.0000000000
11 4.0000000000
16 7.0000000000
420 9.0000000000
2152 11.0000000000
8496 16.0000000000
26713 21.0000000000
50000 1.0000000000
evaluations raw_y
1 1.0000000000
2 2.0000000000
6 4.0000000000
30 5.0000000000
66 9.0000000000
640 11.0000000000
680 12.0000000000
12223 13.0000000000
16331 19.0000000000
19131 22.0000000000
50000 2.0000000000
evaluations raw_y
1 0.0000000000
2 5.0000000000
43 6.0000000000
238 11.0000000000
1568 13.0000000000
13076 14.0000000000
18730 16.0000000000
20320 18.0000000000
50000 4.0000000000
evaluations raw_y
1 3.0000000000
25 5.0000000000
57 7.0000000000
245 8.0000000000
336 9.0000000000
2211 11.0000000000
5942 12.0000000000
13499 13.0000000000
20756 18.0000000000
50000 1.0000000000
evaluations raw_y
1 0.0000000000
3 2.0000000000
8 3.0000000000
56 4.0000000000
93 6.0000000000
104 7.0000000000
212 8.0000000000
2008 9.0000000000
3445 10.0000000000
4749 12.0000000000
5009 14.0000000000
50000 3.0000000000
evaluations raw_y
1 4.0000000000
29 7.0000000000
448 11.0000000000
3621 12.0000000000
9308 13.0000000000
10663 19.0000000000
50000 2.0000000000
evaluations raw_y
1 1.0000000000
5 2.0000000000
7 5.0000000000
29 6.0000000000
169 8.0000000000
513 9.0000000000
4232 11.0000000000
12350 12.0000000000
15027 17.0000000000
50000 0.0000000000
evaluations raw_y
1 1.0000000000
3 3.0000000000
27 4.0000000000
39 6.0000000000
63 7.0000000000
404 8.0000000000
424 9.0000000000
1060 19.0000000000
23425 20.0000000000
50000 0.0000000000
evaluations raw_y
1 4.0000000000
20 5.0000000000
82 6.0000000000
201 12.0000000000
19176 14.0000000000
35252 17.0000000000
50000 4.0000000000
evaluations raw_y
1 0.0000000000
2 3.0000000000
17 7.0000000000
260 8.0000000000
1879 9.0000000000
1971 10.0000000000
3930 12.0000000000
9221 15.0000000000
50000 0.0000000000
evaluations raw_y
1 0.0000000000
2 2.0000000000
10 5.0000000000
20 7.0000000000
194 8.0000000000
443 9.0000000000
630 12.0000000000
8918 13.0000000000
15166 15.0000000000
50000 0.0000000000
evaluations raw_y
1 2.0000000000
18 5.0000000000
115 6.0000000000
151 9.0000000000
2515 10.0000000000
4140 15.0000000000
50000 0.0000000000
evaluations raw_y
1 0.0000000000
4 1.0000000000
8 2.0000000000
12 4.0000000000
45 6.0000000000
362 11.0000000000
557 12.0000000000
12367 13.0000000000
29515 14.0000000000
47696 19.0000000000
50000 5.0000000000
evaluations raw_y
1 0.0000000000
2 1.0000000000
10 2.0000000000
13 3.0000000000
15 5.0000000000
16 6.0000000000
106 8.0000000000
452 9.0000000000
1175 10.0000000000
1255 11.0000000000
7771 12.0000000000
27948 14.0000000000
50000 1.0000000000
evaluations raw_y
1 5.0000000000
158 7.0000000000
428 10.0000000000
6482 11.0000000000
8951 12.0000000000
29799 14.0000000000
50000 0.0000000000
evaluations raw_y
1 4.0000000000
21 5.0000000000
154 6.0000000000
342 7.0000000000
1273 8.0000000000
1342 9.0000000000
2294 10.0000000000
3474 12.0000000000
12801 13.0000000000
14857 14.0000000000
50000 1.0000000000
evaluations raw_y
1 0.0000000000
2 1.0000000000
8 3.0000000000
14 5.0000000000
37 6.0000000000
287 9.0000000000
1157 10.0000000000
1980 12.0000000000
15894 15.0000000000
16725 16.0000000000
31534 17.0000000000
50000 0.0000000000
evaluations raw_y
1 1.0000000000
2 2.0000000000
28 7.0000000000
105 10.0000000000
354 13.0000000000
38032 14.0000000000
39949 22.0000000000
50000 0.0000000000
evaluations raw_y
1 1.0000000000
2 2.0000000000
9 3.0000000000
38 6.0000000000
70 8.0000000000
184 9.0000000000
3331 11.0000000000
4066 14.0000000000
14749 15.0000000000
33640 16.0000000000
50000 0.0000000000
evaluations raw_y
1 0.0000000000
4 1.0000000000
14 6.0000000000
22 7.0000000000
81 8.0000000000
855 11.0000000000
1207 13.0000000000
12038 17.0000000000
50000 2.0000000000
evaluations raw_y
1 2.0000000000
7 3.0000000000
41 4.0000000000
46 7.0000000000
151 10.0000000000
561 11.0000000000
10753 12.0000000000
12333 14.0000000000
40111 17.0000000000
50000 0.0000000000
evaluations raw_y
1 0.0000000000
3 2.0000000000
5 3.0000000000
24 4.0000000000
30 5.0000000000
44 6.0000000000
114 8.0000000000
255 12.0000000000
29985 13.0000000000
34427 14.0000000000
37531 19.0000000000
50000 0.0000000000
evaluations raw_y
1 3.0000000000
11 5.0000000000
89 7.0000000000
168 8.0000000000
1711 11.0000000000
2720 12.0000000000
11949 13.0000000000
14576 14.0000000000
47875 16.0000000000
50000 0.0000000000
evaluations raw_y
1 0.0000000000
2 1.0000000000
4 2.0000000000
29 6.0000000000
324 7.0000000000
458 8.0000000000
592 10.0000000000
3558 11.0000000000
5737 12.0000000000
15158 13.0000000000
20859 14.0000000000
50000 0.0000000000
evaluations raw_y
1 1.0000000000
7 2.0000000000
40 6.0000000000
99 8.0000000000
242 9.0000000000
464 10.0000000000
558 11.0000000000
7418 15.0000000000
50000 6.0000000000
evaluations raw_y
1 0.0000000000
2 2.0000000000
13 6.0000000000
42 9.0000000000
106 12.0000000000
14069 13.0000000000
39334 14.0000000000
50000 0.0000000000
evaluations raw_y
1 0.0000000000
3 1.0000000000
4 2.0000000000
8 3.0000000000
12 4.0000000000
56 6.0000000000
261 7.0000000000
304 9.0000000000
5071 12.0000000000
14209 15.0000000000
50000 2.0000000000
evaluations raw_y
1 0.0000000000
2 1.0000000000
11 6.0000000000
254 7.0000000000
341 8.0000000000
665 9.0000000000
718 12.0000000000
1191 13.0000000000
18557 14.0000000000
42602 15.0000000000
50000 8.0000000000
evaluations raw_y
1 0.0000000000
2 1.0000000000
3 2.0000000000
27 3.0000000000
33 5.0000000000
52 6.0000000000
123 7.0000000000
139 11.0000000000
2703 12.0000000000
5278 13.0000000000
12171 14.0000000000
46002 16.0000000000
50000 1.0000000000
evaluations raw_y
1 1.0000000000
9 2.0000000000
22 3.0000000000
27 4.0000000000
74 7.0000000000
125 8.0000000000
293 10.0000000000
2837 12.0000000000
3739 15.0000000000
9180 16.0000000000
31408 18.0000000000
50000 0.0000000000
evaluations raw_y
1 0.0000000000
3 1.0000000000
6 3.0000000000
15 4.0000000000
23 6.0000000000
123 8.0000000000
1196 9.0000000000
2273 10.0000000000
2311 11.0000000000
4905 12.0000000000
17947 14.0000000000
50000 1.0000000000
evaluations raw_y
1 1.0000000000
8 2.0000000000
16 4.0000000000
41 5.0000000000
85 11.0000000000
12470 12.0000000000
13094 13.0000000000
21720 15.0000000000
50000 1.0000000000
evaluations raw_y
1 2.0000000000
2 3.0000000000
81 4.0000000000
87 5.0000000000
157 7.0000000000
901 8.0000000000
1207 9.0000000000
3873 10.0000000000
4896 13.0000000000
37476 14.0000000000
50000 1.0000000000
evaluations raw_y
1 0.0000000000
2 1.0000000000
6 3.0000000000
16 5.0000000000
25 8.0000000000
155 11.0000000000
8959 12.0000000000
23437 13.0000000000
34610 17.0000000000
50000 1.0000000000
evaluations raw_y
1 1.0000000000
6 2.0000000000
37 3.0000000000
43 4.0000000000
82 6.0000000000
181 7.0000000000
217 8.0000000000
790 10.0000000000
2175 13.0000000000
9278 17.0000000000
50000 1.0000000000
evaluations raw_y
1 0.0000000000
2 3.0000000000
11 4.0000000000
31 5.0000000000
37 7.0000000000
60 8.0000000000
754 11.0000000000
13824 14.0000000000
50000 0.0000000000
evaluations raw_y
1 1.0000000000
15 3.0000000000
18 6.0000000000
394 9.0000000000
2942 14.0000000000
50000 0.0000000000
evaluations raw_y
1 0.0000000000
2 1.0000000000
4 2.0000000000
14 3.0000000000
27 4.0000000000
94 5.0000000000
136 7.0000000000
372 8.0000000000
502 9.0000000000
1183 10.0000000000
1497 13.0000000000
9905 14.0000000000
37316 20.0000000000
50000 7.0000000000
evaluations raw_y
1 2.0000000000
3 3.0000000000
32 5.0000000000
251 6.0000000000
468 7.0000000000
611 9.0000000000
894 12.0000000000
22856 14.0000000000
32375 18.0000000000
50000 0.0000000000
evaluations raw_y
1 1.0000000000
10 4.0000000000
69 7.0000000000
245 9.0000000000
287 10.0000000000
3204 13.0000000000
10146 16.0000000000
43788 18.0000000000
50000 0.0000000000
evaluations raw_y
1 1.0000000000
9 3.0000000000
13 4.0000000000
15 5.0000000000
245 6.0000000000
247 7.0000000000
913 8.0000000000
1523 9.0000000000
1802 11.0000000000
4128 14.0000000000
50000 0.0000000000
evaluations raw_y
1 3.0000000000
21 5.0000000000
82 8.0000000000
157 11.0000000000
334 13.0000000000
11348 14.0000000000
26853 15.0000000000
50000 1.0000000000
evaluations raw_y
1 0.0000000000
3 2.0000000000
7 3.0000000000
10 4.0000000000
47 5.0000000000
92 8.0000000000
95 9.0000000000
652 10.0000000000
1438 12.0000000000
8964 13.0000000000
32269 14.0000000000
46935 16.0000000000
50000 5.0000000000
