evaluations raw_y
1 2.0000000000
11 6.0000000000
58 9.0000000000
712 11.0000000000
886 13.0000000000
2227 14.0000000000
4050 15.0000000000
4269 17.0000000000
5556 21.0000000000
6423 25.0000000000
10113 28.0000000000
12121 32.0000000000
12786 33.0000000000
13278 34.0000000000
14144 39.0000000000
14633 40.0000000000
20517 43.0000000000
26217 45.0000000000
28434 47.0000000000
30387 49.0000000000
30410 51.0000000000
34836 55.0000000000
38416 57.0000000000
38998 58.0000000000
42497 59.0000000000
45401 60.0000000000
48555 61.0000000000
50611 62.0000000000
54344 64.0000000000
58348 65.0000000000
60635 66.0000000000
62923 76.0000000000
72063 78.0000000000
72345 79.0000000000
74274 80.0000000000
76356 83.0000000000
80815 84.0000000000
80978 86.0000000000
84432 87.0000000000
88408 88.0000000000
96653 89.0000000000
98668 92.0000000000
99000 83.0000000000
evaluations raw_y
1 3.0000000000
7 4.0000000000
37 5.0000000000
41 7.0000000000
81 10.0000000000
1993 11.0000000000
2413 15.0000000000
4100 18.0000000000
6373 19.0000000000
6503 21.0000000000
8105 22.0000000000
8107 23.0000000000
11826 24.0000000000
12613 26.0000000000
14483 27.0000000000
16745 28.0000000000
18601 29.0000000000
20160 30.0000000000
22283 32.0000000000
24165 33.0000000000
26046 38.0000000000
26605 39.0000000000
28310 40.0000000000
29902 42.0000000000
32523 43.0000000000
34550 44.0000000000
39688 46.0000000000
40687 47.0000000000
44064 48.0000000000
50425 52.0000000000
50700 53.0000000000
52258 55.0000000000
54942 57.0000000000
60644 58.0000000000
62138 59.0000000000
62969 61.0000000000
66136 62.0000000000
66689 67.0000000000
70417 71.0000000000
76122 72.0000000000
80220 74.0000000000
80584 79.0000000000
86401 80.0000000000
86417 81.0000000000
88889 83.0000000000
94355 84.0000000000
96626 85.0000000000
98719 86.0000000000
98731 87.0000000000
99000 3.0000000000
evaluations raw_y
1 0.0000000000
5 3.0000000000
7 6.0000000000
13 8.0000000000
283 9.0000000000
2027 10.0000000000
2489 13.0000000000
3777 16.0000000000
4528 17.0000000000
8506 19.0000000000
10137 20.0000000000
12624 22.0000000000
15488 23.0000000000
16653 25.0000000000
19296 26.0000000000
20799 27.0000000000
22789 28.0000000000
24032 29.0000000000
27595 32.0000000000
30366 35.0000000000
30643 36.0000000000
32654 38.0000000000
32898 39.0000000000
36760 40.0000000000
40450 44.0000000000
44065 50.0000000000
46414 53.0000000000
48401 56.0000000000
50284 57.0000000000
52337 58.0000000000
52930 61.0000000000
54829 62.0000000000
60131 63.0000000000
62390 64.0000000000
64591 69.0000000000
68414 70.0000000000
74213 72.0000000000
78346 73.0000000000
78367 75.0000000000
84172 76.0000000000
88172 79.0000000000
90301 81.0000000000
96689 84.0000000000
99000 75.0000000000
evaluations raw_y
1 2.0000000000
7 5.0000000000
37 10.0000000000
165 15.0000000000
2049 17.0000000000
4002 18.0000000000
4805 19.0000000000
4992 20.0000000000
6038 26.0000000000
8435 27.0000000000
8453 29.0000000000
14925 30.0000000000
16489 31.0000000000
16531 33.0000000000
20278 34.0000000000
21198 35.0000000000
22102 36.0000000000
24269 37.0000000000
24671 40.0000000000
26231 41.0000000000
28026 42.0000000000
28322 44.0000000000
30212 45.0000000000
30435 47.0000000000
33558 48.0000000000
34406 49.0000000000
36327 51.0000000000
41932 54.0000000000
44575 55.0000000000
46897 58.0000000000
48235 60.0000000000
52656 61.0000000000
54303 63.0000000000
62455 64.0000000000
68180 69.0000000000
70330 72.0000000000
76738 74.0000000000
78158 76.0000000000
80534 78.0000000000
82355 80.0000000000
84168 81.0000000000
86749 83.0000000000
92882 85.0000000000
98279 86.0000000000
99000 0.0000000000
evaluations raw_y
1 2.0000000000
4 4.0000000000
23 5.0000000000
120 7.0000000000
215 11.0000000000
2230 16.0000000000
4047 17.0000000000
8187 18.0000000000
8215 20.0000000000
10601 23.0000000000
16050 24.0000000000
17012 29.0000000000
20555 30.0000000000
22172 36.0000000000
26331 40.0000000000
30682 42.0000000000
32090 44.0000000000
34549 47.0000000000
36754 48.0000000000
40499 49.0000000000
42525 54.0000000000
46350 55.0000000000
46523 58.0000000000
48704 60.0000000000
48881 61.0000000000
52619 62.0000000000
56235 63.0000000000
58772 64.0000000000
60284 66.0000000000
64757 68.0000000000
66253 69.0000000000
72082 72.0000000000
76251 74.0000000000
78504 75.0000000000
82374 76.0000000000
82815 79.0000000000
84272 80.0000000000
88627 81.0000000000
94231 82.0000000000
96635 83.0000000000
98743 84.0000000000
99000 76.0000000000
evaluations raw_y
1 3.0000000000
7 6.0000000000
330 7.0000000000
424 8.0000000000
825 15.0000000000
2356 18.0000000000
4140 19.0000000000
6535 24.0000000000
8478 25.0000000000
10514 26.0000000000
12150 27.0000000000
14098 28.0000000000
16374 29.0000000000
18350 32.0000000000
18944 33.0000000000
24212 38.0000000000
26450 41.0000000000
26498 44.0000000000
28081 45.0000000000
34267 46.0000000000
36228 47.0000000000
36533 48.0000000000
38702 50.0000000000
40339 56.0000000000
42234 57.0000000000
42246 62.0000000000
46947 66.0000000000
48107 68.0000000000
48247 70.0000000000
52442 72.0000000000
54225 74.0000000000
57380 79.0000000000
58808 87.0000000000
60312 88.0000000000
66385 94.0000000000
68265 97.0000000000
74234 98.0000000000
76339 99.0000000000
78445 100.0000000000
79000 83.0000000000
evaluations raw_y
1 3.0000000000
28 5.0000000000
37 10.0000000000
314 12.0000000000
2422 15.0000000000
4252 16.0000000000
6085 17.0000000000
7541 18.0000000000
8509 20.0000000000
10890 29.0000000000
14026 32.0000000000
16093 37.0000000000
18518 40.0000000000
22101 42.0000000000
22356 46.0000000000
24486 48.0000000000
26319 49.0000000000
29700 50.0000000000
32926 57.0000000000
36363 58.0000000000
40471 59.0000000000
42504 60.0000000000
44659 61.0000000000
46204 62.0000000000
48543 63.0000000000
52250 66.0000000000
54400 67.0000000000
58022 68.0000000000
58691 70.0000000000
60455 74.0000000000
64512 75.0000000000
64599 76.0000000000
68344 81.0000000000
68631 83.0000000000
74815 85.0000000000
76521 86.0000000000
82516 88.0000000000
84147 89.0000000000
88603 90.0000000000
94193 91.0000000000
96204 92.0000000000
96811 94.0000000000
99000 85.0000000000
evaluations raw_y
1 1.0000000000
8 2.0000000000
9 3.0000000000
15 8.0000000000
2405 12.0000000000
4266 15.0000000000
6584 22.0000000000
8348 23.0000000000
8608 24.0000000000
10653 26.0000000000
12322 27.0000000000
14785 28.0000000000
18405 29.0000000000
18464 30.0000000000
19014 32.0000000000
22088 33.0000000000
22741 34.0000000000
26709 36.0000000000
30488 41.0000000000
32847 42.0000000000
34359 43.0000000000
34391 44.0000000000
36241 46.0000000000
36616 48.0000000000
38494 49.0000000000
40372 51.0000000000
46287 53.0000000000
51678 54.0000000000
54353 55.0000000000
56683 56.0000000000
58624 57.0000000000
60039 63.0000000000
68134 66.0000000000
70369 67.0000000000
72645 68.0000000000
78254 69.0000000000
82634 71.0000000000
84426 72.0000000000
88453 74.0000000000
92312 76.0000000000
92327 77.0000000000
94270 79.0000000000
98706 80.0000000000
99000 48.0000000000
evaluations raw_y
1 0.0000000000
5 1.0000000000
6 2.0000000000
20 3.0000000000
31 6.0000000000
115 7.0000000000
171 9.0000000000
2098 12.0000000000
2233 13.0000000000
2968 16.0000000000
6020 17.0000000000
6267 21.0000000000
8866 22.0000000000
10519 23.0000000000
10990 25.0000000000
14255 28.0000000000
18708 29.0000000000
18723 30.0000000000
20414 33.0000000000
22895 34.0000000000
22943 35.0000000000
25365 38.0000000000
26140 40.0000000000
32676 41.0000000000
34840 43.0000000000
41406 44.0000000000
44495 46.0000000000
46640 47.0000000000
46978 49.0000000000
52441 50.0000000000
54424 52.0000000000
60668 55.0000000000
62732 60.0000000000
66872 62.0000000000
68374 66.0000000000
74302 67.0000000000
76627 70.0000000000
80166 75.0000000000
84264 76.0000000000
85000 77.0000000000
86200 78.0000000000
90048 80.0000000000
90287 82.0000000000
92135 84.0000000000
96355 89.0000000000
99000 75.0000000000
evaluations raw_y
1 2.0000000000
3 3.0000000000
18 4.0000000000
36 5.0000000000
56 6.0000000000
215 7.0000000000
339 8.0000000000
2213 12.0000000000
2436 14.0000000000
4536 17.0000000000
6101 20.0000000000
6449 21.0000000000
8600 23.0000000000
10804 24.0000000000
12343 25.0000000000
14320 27.0000000000
14706 30.0000000000
16316 31.0000000000
18806 32.0000000000
19886 38.0000000000
26376 41.0000000000
28706 43.0000000000
30768 44.0000000000
30827 45.0000000000
32428 49.0000000000
36035 51.0000000000
38310 52.0000000000
40623 55.0000000000
40654 57.0000000000
42627 58.0000000000
46588 61.0000000000
48380 66.0000000000
50710 72.0000000000
56261 73.0000000000
58702 77.0000000000
60322 79.0000000000
62409 80.0000000000
62427 85.0000000000
62484 87.0000000000
66952 88.0000000000
68178 90.0000000000
72074 92.0000000000
76443 94.0000000000
78487 96.0000000000
82544 99.0000000000
84623 100.0000000000
85000 84.0000000000
evaluations raw_y
1 0.0000000000
3 4.0000000000
11 5.0000000000
46 6.0000000000
171 9.0000000000
2012 10.0000000000
2029 11.0000000000
2811 13.0000000000
4063 15.0000000000
4067 19.0000000000
6608 20.0000000000
8156 21.0000000000
8919 24.0000000000
10166 25.0000000000
12403 26.0000000000
12828 29.0000000000
14347 30.0000000000
16336 32.0000000000
16506 36.0000000000
18854 38.0000000000
20346 39.0000000000
24243 40.0000000000
24712 41.0000000000
26244 43.0000000000
27869 44.0000000000
30220 45.0000000000
30896 46.0000000000
32828 48.0000000000
34607 49.0000000000
34649 54.0000000000
36941 56.0000000000
40123 57.0000000000
42356 63.0000000000
44296 65.0000000000
48189 67.0000000000
48364 69.0000000000
50940 70.0000000000
56229 72.0000000000
58287 73.0000000000
62813 74.0000000000
66498 75.0000000000
72238 76.0000000000
72598 77.0000000000
74697 78.0000000000
76453 79.0000000000
80681 82.0000000000
84311 84.0000000000
86397 85.0000000000
88106 86.0000000000
94079 87.0000000000
96188 88.0000000000
96948 90.0000000000
99000 79.0000000000
evaluations raw_y
1 1.0000000000
9 3.0000000000
12 6.0000000000
266 7.0000000000
513 8.0000000000
779 10.0000000000
2104 11.0000000000
2210 12.0000000000
4191 15.0000000000
5427 21.0000000000
9087 23.0000000000
15082 24.0000000000
16519 29.0000000000
21986 30.0000000000
26108 33.0000000000
32263 35.0000000000
32900 36.0000000000
32941 37.0000000000
34003 38.0000000000
35228 39.0000000000
38173 40.0000000000
38344 41.0000000000
42256 42.0000000000
44234 44.0000000000
46435 52.0000000000
50718 54.0000000000
52089 55.0000000000
58168 56.0000000000
60427 60.0000000000
62590 61.0000000000
62640 66.0000000000
64999 68.0000000000
68272 72.0000000000
72311 74.0000000000
72323 75.0000000000
76247 76.0000000000
80611 78.0000000000
82362 81.0000000000
86303 82.0000000000
88022 83.0000000000
90116 87.0000000000
92473 88.0000000000
97315 92.0000000000
99000 77.0000000000
evaluations raw_y
1 0.0000000000
4 3.0000000000
12 4.0000000000
25 6.0000000000
493 7.0000000000
2087 10.0000000000
2242 12.0000000000
4228 14.0000000000
6203 15.0000000000
6520 16.0000000000
8080 17.0000000000
8450 18.0000000000
11493 19.0000000000
12200 20.0000000000
12242 23.0000000000
12362 24.0000000000
14291 25.0000000000
16380 27.0000000000
16941 28.0000000000
18335 29.0000000000
18735 32.0000000000
22046 35.0000000000
26440 39.0000000000
31626 40.0000000000
34390 42.0000000000
34676 44.0000000000
39984 46.0000000000
40579 47.0000000000
42351 49.0000000000
46420 50.0000000000
52191 51.0000000000
52527 52.0000000000
54970 54.0000000000
59260 55.0000000000
60218 57.0000000000
62531 59.0000000000
64261 60.0000000000
66475 62.0000000000
72889 63.0000000000
73131 64.0000000000
76839 66.0000000000
78742 67.0000000000
80343 68.0000000000
86287 70.0000000000
86289 73.0000000000
88095 81.0000000000
94284 82.0000000000
98247 84.0000000000
99000 68.0000000000
evaluations raw_y
1 3.0000000000
9 5.0000000000
130 7.0000000000
177 9.0000000000
2202 10.0000000000
2213 13.0000000000
2451 15.0000000000
4634 16.0000000000
4726 18.0000000000
6023 19.0000000000
6300 24.0000000000
6723 25.0000000000
8339 26.0000000000
12558 27.0000000000
16491 28.0000000000
16530 29.0000000000
17648 31.0000000000
20100 34.0000000000
22176 35.0000000000
24111 36.0000000000
25002 38.0000000000
26318 41.0000000000
26423 42.0000000000
30363 43.0000000000
30813 45.0000000000
32349 49.0000000000
38506 51.0000000000
40349 52.0000000000
42787 53.0000000000
46198 54.0000000000
48326 55.0000000000
52388 56.0000000000
54069 58.0000000000
54736 59.0000000000
58268 61.0000000000
60685 62.0000000000
62823 64.0000000000
64633 65.0000000000
68331 66.0000000000
68485 67.0000000000
72356 68.0000000000
72545 73.0000000000
76639 75.0000000000
76642 76.0000000000
78115 77.0000000000
82136 79.0000000000
82293 80.0000000000
86120 81.0000000000
88204 82.0000000000
90199 85.0000000000
92205 86.0000000000
96154 88.0000000000
98275 92.0000000000
99000 77.0000000000
evaluations raw_y
1 1.0000000000
8 2.0000000000
13 3.0000000000
24 5.0000000000
81 6.0000000000
414 7.0000000000
451 8.0000000000
652 9.0000000000
998 10.0000000000
2216 12.0000000000
2859 14.0000000000
4005 15.0000000000
4444 17.0000000000
4458 18.0000000000
6262 25.0000000000
6537 28.0000000000
10467 29.0000000000
10569 30.0000000000
12486 32.0000000000
16472 33.0000000000
16476 37.0000000000
20403 41.0000000000
22162 42.0000000000
24472 43.0000000000
24581 45.0000000000
26168 48.0000000000
30112 49.0000000000
34322 50.0000000000
34387 52.0000000000
36265 53.0000000000
38455 55.0000000000
40099 58.0000000000
45254 59.0000000000
46481 62.0000000000
48269 66.0000000000
52157 67.0000000000
54985 72.0000000000
58638 73.0000000000
58666 75.0000000000
58671 76.0000000000
60498 78.0000000000
62814 82.0000000000
70039 84.0000000000
70456 85.0000000000
71242 86.0000000000
72180 88.0000000000
74665 91.0000000000
82333 96.0000000000
92038 99.0000000000
98150 100.0000000000
99000 92.0000000000
evaluations raw_y
1 1.0000000000
2 2.0000000000
9 3.0000000000
16 4.0000000000
53 5.0000000000
73 6.0000000000
332 7.0000000000
572 8.0000000000
665 11.0000000000
2491 12.0000000000
2858 15.0000000000
4113 16.0000000000
4819 18.0000000000
8064 19.0000000000
8225 23.0000000000
10775 24.0000000000
12002 25.0000000000
14419 30.0000000000
14511 31.0000000000
14576 33.0000000000
18094 34.0000000000
18330 38.0000000000
20268 40.0000000000
20875 42.0000000000
22383 47.0000000000
28418 49.0000000000
30138 52.0000000000
30745 54.0000000000
34108 55.0000000000
36171 56.0000000000
40036 57.0000000000
40179 58.0000000000
42239 59.0000000000
44484 60.0000000000
44645 62.0000000000
48390 63.0000000000
50549 64.0000000000
53320 65.0000000000
54065 67.0000000000
60395 70.0000000000
64061 72.0000000000
67585 73.0000000000
68559 76.0000000000
70390 77.0000000000
70773 78.0000000000
75287 79.0000000000
76180 82.0000000000
76454 85.0000000000
82508 86.0000000000
83876 87.0000000000
84983 92.0000000000
86445 94.0000000000
94192 96.0000000000
98273 98.0000000000
99000 85.0000000000
evaluations raw_y
1 0.0000000000
2 1.0000000000
3 4.0000000000
15 6.0000000000
41 7.0000000000
345 8.0000000000
473 10.0000000000
2245 15.0000000000
6032 16.0000000000
8257 17.0000000000
11314 21.0000000000
14427 22.0000000000
16085 25.0000000000
20286 27.0000000000
22875 28.0000000000
24180 29.0000000000
24965 30.0000000000
26496 31.0000000000
28917 35.0000000000
34483 38.0000000000
34512 41.0000000000
38632 43.0000000000
40099 44.0000000000
40114 45.0000000000
42418 46.0000000000
46362 48.0000000000
46465 52.0000000000
50092 55.0000000000
52175 56.0000000000
54342 57.0000000000
56828 59.0000000000
58641 60.0000000000
59641 61.0000000000
62440 63.0000000000
64712 64.0000000000
68431 65.0000000000
70294 66.0000000000
74543 67.0000000000
76451 68.0000000000
76938 69.0000000000
80429 70.0000000000
82179 72.0000000000
88509 74.0000000000
89011 76.0000000000
92676 77.0000000000
94501 78.0000000000
94535 79.0000000000
96253 82.0000000000
99000 73.0000000000
evaluations raw_y
1 2.0000000000
2 3.0000000000
7 4.0000000000
39 5.0000000000
121 7.0000000000
677 9.0000000000
935 10.0000000000
4090 13.0000000000
4672 15.0000000000
6746 16.0000000000
8018 19.0000000000
10174 20.0000000000
10210 22.0000000000
14155 25.0000000000
16713 27.0000000000
18652 29.0000000000
18656 33.0000000000
19656 34.0000000000
23185 36.0000000000
24340 37.0000000000
26647 38.0000000000
30207 40.0000000000
32596 41.0000000000
32703 42.0000000000
34458 43.0000000000
38140 44.0000000000
40439 45.0000000000
43016 49.0000000000
48080 50.0000000000
50098 52.0000000000
53457 54.0000000000
54467 55.0000000000
58636 59.0000000000
60510 61.0000000000
62458 64.0000000000
63499 65.0000000000
64169 66.0000000000
68506 67.0000000000
72484 68.0000000000
74315 69.0000000000
76175 71.0000000000
79853 73.0000000000
82491 75.0000000000
84401 78.0000000000
93473 79.0000000000
98659 83.0000000000
99000 75.0000000000
evaluations raw_y
1 0.0000000000
2 5.0000000000
30 8.0000000000
1828 9.0000000000
2258 10.0000000000
2543 16.0000000000
6537 17.0000000000
8075 18.0000000000
8176 26.0000000000
12416 30.0000000000
14086 32.0000000000
17471 34.0000000000
20360 35.0000000000
20809 39.0000000000
24521 43.0000000000
31081 45.0000000000
34811 46.0000000000
34949 49.0000000000
38218 50.0000000000
44712 51.0000000000
46801 54.0000000000
46876 55.0000000000
48564 56.0000000000
48582 58.0000000000
54090 59.0000000000
58573 60.0000000000
60821 61.0000000000
62431 62.0000000000
64443 64.0000000000
68303 65.0000000000
68655 66.0000000000
70549 68.0000000000
72884 73.0000000000
74440 74.0000000000
76714 78.0000000000
78208 79.0000000000
84160 80.0000000000
88301 81.0000000000
92252 82.0000000000
94209 83.0000000000
99000 79.0000000000
evaluations raw_y
1 1.0000000000
3 2.0000000000
4 3.0000000000
12 5.0000000000
296 6.0000000000
304 7.0000000000
2185 8.0000000000
2236 13.0000000000
4069 14.0000000000
4947 15.0000000000
6487 16.0000000000
6547 17.0000000000
6552 18.0000000000
8156 20.0000000000
8405 21.0000000000
11805 22.0000000000
12450 23.0000000000
14408 29.0000000000
18313 30.0000000000
20731 37.0000000000
26116 38.0000000000
26210 39.0000000000
28668 41.0000000000
30563 42.0000000000
35756 43.0000000000
38473 47.0000000000
40887 48.0000000000
40915 49.0000000000
42356 51.0000000000
44684 52.0000000000
46332 53.0000000000
48372 62.0000000000
52587 64.0000000000
56403 65.0000000000
58130 66.0000000000
64586 71.0000000000
66587 74.0000000000
72241 75.0000000000
72379 76.0000000000
72930 80.0000000000
74123 82.0000000000
80151 84.0000000000
81287 86.0000000000
82952 88.0000000000
84244 89.0000000000
88124 90.0000000000
92478 94.0000000000
99000 82.0000000000
evaluations raw_y
1 3.0000000000
24 4.0000000000
29 5.0000000000
106 6.0000000000
133 11.0000000000
2254 12.0000000000
4242 15.0000000000
4265 16.0000000000
4513 17.0000000000
4555 20.0000000000
6072 24.0000000000
6091 26.0000000000
8166 31.0000000000
10463 33.0000000000
12899 34.0000000000
14123 36.0000000000
16119 37.0000000000
18171 38.0000000000
20132 42.0000000000
22449 45.0000000000
26371 46.0000000000
29313 48.0000000000
32233 49.0000000000
32779 50.0000000000
36318 51.0000000000
38479 52.0000000000
38693 53.0000000000
40426 54.0000000000
43831 55.0000000000
46368 57.0000000000
50250 59.0000000000
52104 60.0000000000
54077 64.0000000000
58152 67.0000000000
60393 68.0000000000
62959 72.0000000000
64298 73.0000000000
68122 77.0000000000
70190 78.0000000000
76188 82.0000000000
80341 83.0000000000
84144 84.0000000000
86077 86.0000000000
92081 89.0000000000
92803 90.0000000000
98406 95.0000000000
99000 83.0000000000
evaluations raw_y
1 0.0000000000
3 5.0000000000
93 7.0000000000
461 9.0000000000
2707 12.0000000000
2877 14.0000000000
4156 15.0000000000
6095 19.0000000000
8257 22.0000000000
10116 23.0000000000
10478 26.0000000000
12080 27.0000000000
14100 28.0000000000
14264 30.0000000000
16282 31.0000000000
20428 32.0000000000
20526 34.0000000000
24635 35.0000000000
24689 37.0000000000
26315 39.0000000000
28652 40.0000000000
30282 42.0000000000
30544 45.0000000000
31964 47.0000000000
34518 49.0000000000
34545 50.0000000000
40270 51.0000000000
40670 52.0000000000
40857 55.0000000000
44657 57.0000000000
45895 61.0000000000
48243 62.0000000000
50320 65.0000000000
53295 71.0000000000
54500 73.0000000000
56348 75.0000000000
58822 76.0000000000
60166 78.0000000000
62466 81.0000000000
68150 82.0000000000
68407 84.0000000000
70776 85.0000000000
74066 88.0000000000
74964 89.0000000000
76743 90.0000000000
80112 94.0000000000
84264 95.0000000000
85751 96.0000000000
86394 99.0000000000
90123 100.0000000000
91000 84.0000000000
evaluations raw_y
1 0.0000000000
7 2.0000000000
30 3.0000000000
42 7.0000000000
356 15.0000000000
2458 17.0000000000
6161 19.0000000000
6369 23.0000000000
8362 24.0000000000
10064 25.0000000000
10781 30.0000000000
12457 32.0000000000
14541 33.0000000000
14676 36.0000000000
14678 38.0000000000
18641 39.0000000000
18855 40.0000000000
20216 44.0000000000
24823 51.0000000000
28724 52.0000000000
32386 53.0000000000
34263 54.0000000000
34756 55.0000000000
38460 59.0000000000
40870 62.0000000000
44594 63.0000000000
46383 64.0000000000
46558 65.0000000000
50472 67.0000000000
52851 68.0000000000
54451 69.0000000000
58295 71.0000000000
62506 73.0000000000
64537 74.0000000000
66779 77.0000000000
70532 79.0000000000
72039 80.0000000000
72258 81.0000000000
76272 82.0000000000
82308 83.0000000000
82991 85.0000000000
88196 87.0000000000
90387 88.0000000000
94373 90.0000000000
94382 92.0000000000
99000 21.0000000000
evaluations raw_y
1 0.0000000000
2 2.0000000000
14 6.0000000000
193 8.0000000000
296 9.0000000000
2004 10.0000000000
2021 12.0000000000
2794 13.0000000000
4129 16.0000000000
4206 17.0000000000
5687 18.0000000000
6976 21.0000000000
8240 22.0000000000
8749 23.0000000000
10266 27.0000000000
14225 33.0000000000
16141 35.0000000000
18473 37.0000000000
19709 38.0000000000
20355 39.0000000000
22253 41.0000000000
22307 42.0000000000
22328 45.0000000000
24609 50.0000000000
26262 51.0000000000
28235 52.0000000000
28320 55.0000000000
32624 57.0000000000
34205 58.0000000000
38827 59.0000000000
41865 63.0000000000
46984 66.0000000000
50456 71.0000000000
52374 72.0000000000
56179 73.0000000000
58352 75.0000000000
58710 76.0000000000
60540 77.0000000000
62271 78.0000000000
64187 80.0000000000
64539 82.0000000000
70375 84.0000000000
70719 86.0000000000
72168 90.0000000000
74405 91.0000000000
74940 92.0000000000
78198 93.0000000000
80049 94.0000000000
82155 95.0000000000
86168 98.0000000000
86357 99.0000000000
88285 100.0000000000
89000 82.0000000000
evaluations raw_y
1 0.0000000000
3 3.0000000000
5 7.0000000000
646 8.0000000000
2013 10.0000000000
2791 11.0000000000
4015 12.0000000000
4566 14.0000000000
6106 15.0000000000
8238 16.0000000000
8252 19.0000000000
10016 20.0000000000
10312 21.0000000000
14507 24.0000000000
14784 25.0000000000
16393 26.0000000000
20167 27.0000000000
22169 28.0000000000
22486 29.0000000000
22617 31.0000000000
27860 34.0000000000
30222 36.0000000000
30304 37.0000000000
32652 38.0000000000
34566 40.0000000000
38326 41.0000000000
40712 42.0000000000
42619 43.0000000000
44272 45.0000000000
44316 47.0000000000
46585 48.0000000000
47538 52.0000000000
48039 54.0000000000
48060 58.0000000000
50298 61.0000000000
52454 62.0000000000
54282 66.0000000000
58328 69.0000000000
64538 71.0000000000
66091 80.0000000000
76699 86.0000000000
78449 90.0000000000
86093 94.0000000000
90090 96.0000000000
92154 97.0000000000
94053 99.0000000000
96447 100.0000000000
97000 83.0000000000
evaluations raw_y
1 1.0000000000
2 2.0000000000
9 3.0000000000
18 7.0000000000
233 8.0000000000
1276 9.0000000000
2094 10.0000000000
2448 13.0000000000
4176 14.0000000000
4656 15.0000000000
6050 20.0000000000
8456 21.0000000000
8485 22.0000000000
10002 23.0000000000
10493 24.0000000000
12244 25.0000000000
12287 28.0000000000
14860 32.0000000000
16328 33.0000000000
16432 34.0000000000
20269 38.0000000000
23156 39.0000000000
26433 40.0000000000
29729 44.0000000000
30469 45.0000000000
34664 46.0000000000
34760 47.0000000000
34761 48.0000000000
36450 49.0000000000
38691 52.0000000000
42171 53.0000000000
44661 54.0000000000
46019 56.0000000000
48201 57.0000000000
48705 59.0000000000
50483 60.0000000000
50991 61.0000000000
52179 63.0000000000
54223 65.0000000000
58549 66.0000000000
60196 67.0000000000
60633 68.0000000000
64449 69.0000000000
66124 74.0000000000
68528 76.0000000000
72408 77.0000000000
76416 79.0000000000
80202 80.0000000000
82849 84.0000000000
86519 85.0000000000
86553 86.0000000000
88403 88.0000000000
88445 90.0000000000
90910 92.0000000000
94029 93.0000000000
94352 94.0000000000
96230 96.0000000000
99000 80.0000000000
evaluations raw_y
1 3.0000000000
68 5.0000000000
79 6.0000000000
97 9.0000000000
540 10.0000000000
2519 11.0000000000
2951 12.0000000000
6305 14.0000000000
6427 16.0000000000
8478 17.0000000000
10072 20.0000000000
10838 21.0000000000
12060 22.0000000000
12435 23.0000000000
12600 24.0000000000
12969 26.0000000000
16040 27.0000000000
18865 29.0000000000
20732 31.0000000000
22027 32.0000000000
25276 33.0000000000
26522 35.0000000000
28267 40.0000000000
31526 41.0000000000
34551 42.0000000000
36334 43.0000000000
36914 44.0000000000
40207 46.0000000000
42590 47.0000000000
46529 49.0000000000
51537 52.0000000000
54395 54.0000000000
54417 55.0000000000
56801 63.0000000000
62583 67.0000000000
64145 69.0000000000
66510 70.0000000000
66709 73.0000000000
72207 74.0000000000
72544 75.0000000000
74473 77.0000000000
76700 79.0000000000
78149 81.0000000000
80925 83.0000000000
84241 84.0000000000
90485 87.0000000000
90833 90.0000000000
92239 92.0000000000
99000 81.0000000000
evaluations raw_y
1 0.0000000000
3 2.0000000000
6 3.0000000000
23 4.0000000000
46 5.0000000000
61 6.0000000000
131 8.0000000000
2004 9.0000000000
2195 10.0000000000
2387 11.0000000000
2403 13.0000000000
2494 14.0000000000
2873 15.0000000000
2961 19.0000000000
4650 20.0000000000
6856 21.0000000000
8419 27.0000000000
12019 28.0000000000
12705 33.0000000000
14670 35.0000000000
17595 36.0000000000
20244 37.0000000000
20857 40.0000000000
26165 41.0000000000
26646 42.0000000000
28380 43.0000000000
30590 47.0000000000
32288 50.0000000000
34502 52.0000000000
36916 54.0000000000
38278 55.0000000000
40513 56.0000000000
44196 57.0000000000
45175 58.0000000000
46401 61.0000000000
50585 62.0000000000
54101 67.0000000000
58680 69.0000000000
58694 70.0000000000
60528 71.0000000000
66222 74.0000000000
68272 75.0000000000
72587 77.0000000000
76237 80.0000000000
76448 81.0000000000
78763 84.0000000000
80138 87.0000000000
82997 88.0000000000
84082 90.0000000000
86280 92.0000000000
86645 93.0000000000
90311 95.0000000000
92074 96.0000000000
98420 97.0000000000
99000 81.0000000000
evaluations raw_y
1 4.0000000000
26 11.0000000000
693 14.0000000000
2247 17.0000000000
4647 18.0000000000
6051 19.0000000000
6366 22.0000000000
8043 23.0000000000
8409 26.0000000000
8549 28.0000000000
10043 29.0000000000
12775 32.0000000000
15477 33.0000000000
18677 34.0000000000
20424 35.0000000000
24374 38.0000000000
24904 39.0000000000
26331 40.0000000000
28862 41.0000000000
30401 42.0000000000
34178 48.0000000000
35955 49.0000000000
38593 50.0000000000
42018 51.0000000000
42532 52.0000000000
44454 55.0000000000
50138 60.0000000000
54698 61.0000000000
56062 63.0000000000
58469 65.0000000000
60457 69.0000000000
64266 70.0000000000
67944 72.0000000000
68582 74.0000000000
68994 76.0000000000
70531 81.0000000000
74444 86.0000000000
76257 87.0000000000
82222 88.0000000000
84335 89.0000000000
90510 90.0000000000
94163 92.0000000000
99000 48.0000000000
evaluations raw_y
1 1.0000000000
4 2.0000000000
12 3.0000000000
14 4.0000000000
47 5.0000000000
98 6.0000000000
101 8.0000000000
173 9.0000000000
214 12.0000000000
2087 15.0000000000
3884 16.0000000000
8165 18.0000000000
10794 24.0000000000
14004 25.0000000000
16874 26.0000000000
18863 27.0000000000
20499 28.0000000000
23764 29.0000000000
23990 35.0000000000
26321 36.0000000000
28659 37.0000000000
30338 38.0000000000
32301 39.0000000000
32698 40.0000000000
34302 41.0000000000
36770 43.0000000000
38642 49.0000000000
40671 50.0000000000
42106 53.0000000000
44448 54.0000000000
46454 55.0000000000
50932 59.0000000000
52558 61.0000000000
56580 66.0000000000
60170 67.0000000000
62425 70.0000000000
64072 71.0000000000
64172 74.0000000000
67350 77.0000000000
73196 78.0000000000
78510 79.0000000000
81734 83.0000000000
84134 84.0000000000
89635 86.0000000000
92686 87.0000000000
96652 88.0000000000
98154 90.0000000000
99000 79.0000000000
evaluations raw_y
1 1.0000000000
3 3.0000000000
9 4.0000000000
96 5.0000000000
189 6.0000000000
536 7.0000000000
655 9.0000000000
1655 10.0000000000
2094 12.0000000000
2497 13.0000000000
4050 15.0000000000
4186 18.0000000000
4669 19.0000000000
6859 21.0000000000
8108 22.0000000000
10040 23.0000000000
12452 25.0000000000
14095 28.0000000000
14499 30.0000000000
14527 32.0000000000
14533 33.0000000000
16398 41.0000000000
18284 42.0000000000
20140 43.0000000000
24413 44.0000000000
28494 45.0000000000
28594 47.0000000000
32550 48.0000000000
34813 49.0000000000
37002 50.0000000000
40241 52.0000000000
44591 53.0000000000
46670 54.0000000000
54731 56.0000000000
56505 58.0000000000
60135 60.0000000000
66095 61.0000000000
66325 62.0000000000
68134 63.0000000000
68217 66.0000000000
70508 67.0000000000
72155 68.0000000000
76372 69.0000000000
78495 72.0000000000
80242 75.0000000000
81525 76.0000000000
82536 78.0000000000
86342 79.0000000000
89418 84.0000000000
92278 87.0000000000
96145 89.0000000000
99000 0.0000000000
evaluations raw_y
1 1.0000000000
5 2.0000000000
14 3.0000000000
21 4.0000000000
36 7.0000000000
499 11.0000000000
2444 12.0000000000
2961 13.0000000000
4052 15.0000000000
6008 18.0000000000
8151 19.0000000000
8369 20.0000000000
8507 22.0000000000
10389 24.0000000000
12634 25.0000000000
14240 28.0000000000
16271 29.0000000000
16357 30.0000000000
16361 31.0000000000
16782 32.0000000000
18334 35.0000000000
18901 37.0000000000
20026 38.0000000000
20661 39.0000000000
22033 41.0000000000
24460 42.0000000000
24722 45.0000000000
28020 47.0000000000
31107 48.0000000000
31180 50.0000000000
34281 57.0000000000
36884 60.0000000000
38082 61.0000000000
40155 63.0000000000
42621 65.0000000000
46768 66.0000000000
46851 68.0000000000
48784 69.0000000000
50209 71.0000000000
52092 74.0000000000
56154 77.0000000000
56371 79.0000000000
58175 80.0000000000
60296 81.0000000000
64082 82.0000000000
64447 83.0000000000
66635 84.0000000000
68924 86.0000000000
72426 87.0000000000
76151 89.0000000000
78136 91.0000000000
82881 93.0000000000
84314 95.0000000000
86155 96.0000000000
92380 100.0000000000
93000 86.0000000000
evaluations raw_y
1 3.0000000000
22 5.0000000000
41 10.0000000000
2046 11.0000000000
2389 12.0000000000
2805 13.0000000000
4047 15.0000000000
6014 16.0000000000
6140 17.0000000000
6319 20.0000000000
8268 21.0000000000
8293 22.0000000000
10047 26.0000000000
10516 27.0000000000
12052 29.0000000000
14816 32.0000000000
16522 33.0000000000
16608 34.0000000000
18461 35.0000000000
18608 37.0000000000
20267 38.0000000000
22509 40.0000000000
24149 41.0000000000
28707 43.0000000000
30276 44.0000000000
30323 45.0000000000
32618 46.0000000000
34105 48.0000000000
38402 50.0000000000
40739 51.0000000000
42734 52.0000000000
44208 54.0000000000
48103 56.0000000000
50348 57.0000000000
50390 58.0000000000
52393 61.0000000000
56916 63.0000000000
62343 65.0000000000
64531 70.0000000000
68609 71.0000000000
74118 72.0000000000
75063 74.0000000000
76735 76.0000000000
78522 77.0000000000
80747 81.0000000000
90635 89.0000000000
99000 32.0000000000
evaluations raw_y
1 0.0000000000
3 9.0000000000
258 10.0000000000
370 13.0000000000
4060 14.0000000000
4498 15.0000000000
4721 19.0000000000
6655 21.0000000000
8014 22.0000000000
10130 24.0000000000
11749 25.0000000000
12407 26.0000000000
14481 27.0000000000
16502 28.0000000000
20226 29.0000000000
20232 32.0000000000
22700 33.0000000000
24181 35.0000000000
26661 36.0000000000
28459 37.0000000000
30132 41.0000000000
31369 42.0000000000
32136 43.0000000000
32563 44.0000000000
34275 46.0000000000
38215 48.0000000000
40297 49.0000000000
42061 50.0000000000
42593 51.0000000000
46485 53.0000000000
50484 55.0000000000
52178 56.0000000000
52930 58.0000000000
56837 59.0000000000
62461 61.0000000000
62588 63.0000000000
64710 66.0000000000
66435 69.0000000000
68647 70.0000000000
70048 72.0000000000
74366 73.0000000000
76618 75.0000000000
82193 77.0000000000
84340 78.0000000000
86632 80.0000000000
88295 81.0000000000
93275 83.0000000000
96278 84.0000000000
98339 85.0000000000
99000 45.0000000000
evaluations raw_y
1 3.0000000000
11 5.0000000000
77 7.0000000000
486 8.0000000000
621 12.0000000000
2898 13.0000000000
4030 14.0000000000
4197 15.0000000000
4539 16.0000000000
6324 18.0000000000
8044 20.0000000000
8351 21.0000000000
8722 23.0000000000
10045 27.0000000000
10807 29.0000000000
12118 31.0000000000
12160 32.0000000000
14101 33.0000000000
14401 34.0000000000
16546 35.0000000000
20397 36.0000000000
22539 38.0000000000
24469 41.0000000000
24472 48.0000000000
30163 49.0000000000
30264 50.0000000000
32296 51.0000000000
34449 54.0000000000
36891 58.0000000000
39382 59.0000000000
40466 60.0000000000
44241 61.0000000000
46652 62.0000000000
48246 65.0000000000
48543 66.0000000000
52881 67.0000000000
56644 68.0000000000
60402 70.0000000000
62907 74.0000000000
66490 76.0000000000
70156 80.0000000000
74441 81.0000000000
76973 82.0000000000
78399 83.0000000000
80157 84.0000000000
82750 87.0000000000
84218 88.0000000000
84998 89.0000000000
88506 90.0000000000
88519 91.0000000000
92039 92.0000000000
98380 93.0000000000
99000 34.0000000000
evaluations raw_y
1 0.0000000000
2 1.0000000000
10 2.0000000000
31 6.0000000000
110 11.0000000000
2115 13.0000000000
4278 14.0000000000
4291 16.0000000000
4560 17.0000000000
4614 21.0000000000
8061 22.0000000000
10325 24.0000000000
12088 25.0000000000
12556 27.0000000000
15112 29.0000000000
15751 32.0000000000
18866 33.0000000000
20129 34.0000000000
20253 36.0000000000
20595 38.0000000000
22268 40.0000000000
24318 41.0000000000
24957 45.0000000000
26199 47.0000000000
30663 51.0000000000
32500 52.0000000000
34965 53.0000000000
36682 55.0000000000
40472 56.0000000000
42386 59.0000000000
42904 63.0000000000
44878 64.0000000000
48365 65.0000000000
48712 68.0000000000
51552 69.0000000000
52324 73.0000000000
54553 74.0000000000
56694 75.0000000000
56773 76.0000000000
60134 78.0000000000
61739 80.0000000000
68428 83.0000000000
68440 87.0000000000
72775 88.0000000000
72783 90.0000000000
76730 95.0000000000
80831 100.0000000000
81000 18.0000000000
evaluations raw_y
1 0.0000000000
2 1.0000000000
4 2.0000000000
10 3.0000000000
18 5.0000000000
74 8.0000000000
148 9.0000000000
701 10.0000000000
2203 11.0000000000
2793 12.0000000000
4269 16.0000000000
6037 17.0000000000
8055 18.0000000000
8174 19.0000000000
8376 20.0000000000
8811 21.0000000000
10319 23.0000000000
10338 24.0000000000
10432 26.0000000000
12028 30.0000000000
14297 31.0000000000
16353 33.0000000000
18637 36.0000000000
20318 37.0000000000
20819 38.0000000000
26575 39.0000000000
26651 42.0000000000
28471 44.0000000000
30020 45.0000000000
35363 46.0000000000
36521 47.0000000000
40081 48.0000000000
44361 50.0000000000
45499 52.0000000000
48430 53.0000000000
50805 56.0000000000
58620 58.0000000000
60332 60.0000000000
64887 63.0000000000
69102 64.0000000000
74384 67.0000000000
75277 69.0000000000
80842 70.0000000000
86374 73.0000000000
88733 74.0000000000
92514 75.0000000000
96334 76.0000000000
96804 77.0000000000
99000 39.0000000000
evaluations raw_y
1 0.0000000000
2 1.0000000000
6 3.0000000000
20 4.0000000000
31 5.0000000000
61 6.0000000000
80 8.0000000000
164 9.0000000000
2064 10.0000000000
2122 15.0000000000
3427 16.0000000000
4086 18.0000000000
4325 19.0000000000
6826 20.0000000000
8194 21.0000000000
10060 23.0000000000
10062 24.0000000000
14306 28.0000000000
16223 33.0000000000
17284 35.0000000000
18768 36.0000000000
20095 38.0000000000
22754 39.0000000000
24437 40.0000000000
26340 41.0000000000
26419 42.0000000000
26456 45.0000000000
26695 46.0000000000
28666 47.0000000000
28860 50.0000000000
34100 51.0000000000
36353 55.0000000000
36553 59.0000000000
40252 60.0000000000
43491 61.0000000000
44187 62.0000000000
46371 64.0000000000
46570 65.0000000000
48291 67.0000000000
52276 68.0000000000
54100 70.0000000000
56301 73.0000000000
60144 74.0000000000
62582 81.0000000000
66617 82.0000000000
74368 83.0000000000
76442 86.0000000000
78185 87.0000000000
78744 89.0000000000
84392 93.0000000000
86496 95.0000000000
94350 96.0000000000
98558 98.0000000000
99000 93.0000000000
evaluations raw_y
1 0.0000000000
3 2.0000000000
6 3.0000000000
34 4.0000000000
52 7.0000000000
636 13.0000000000
2228 14.0000000000
2414 15.0000000000
4143 16.0000000000
4331 23.0000000000
6540 29.0000000000
8022 33.0000000000
8277 38.0000000000
10820 40.0000000000
14222 41.0000000000
14286 43.0000000000
18231 46.0000000000
20479 48.0000000000
22055 49.0000000000
22420 52.0000000000
23377 53.0000000000
26573 56.0000000000
28247 57.0000000000
32635 58.0000000000
36277 60.0000000000
38100 61.0000000000
40333 62.0000000000
46387 63.0000000000
50391 64.0000000000
54272 66.0000000000
58355 67.0000000000
58673 69.0000000000
60588 73.0000000000
60666 77.0000000000
66771 82.0000000000
68346 84.0000000000
72495 85.0000000000
74594 88.0000000000
82097 90.0000000000
84212 91.0000000000
88413 93.0000000000
92029 95.0000000000
96341 97.0000000000
96976 98.0000000000
99000 95.0000000000
evaluations raw_y
1 0.0000000000
2 2.0000000000
5 3.0000000000
22 4.0000000000
29 8.0000000000
963 11.0000000000
2529 12.0000000000
4037 14.0000000000
4524 16.0000000000
6266 17.0000000000
6721 21.0000000000
8291 23.0000000000
12404 24.0000000000
15304 29.0000000000
20119 30.0000000000
22209 33.0000000000
26919 34.0000000000
28240 35.0000000000
29269 39.0000000000
32433 40.0000000000
32802 41.0000000000
34608 42.0000000000
40220 44.0000000000
40778 45.0000000000
43533 46.0000000000
44903 48.0000000000
50230 49.0000000000
52526 51.0000000000
54316 54.0000000000
56352 56.0000000000
58605 57.0000000000
60264 58.0000000000
62362 61.0000000000
64716 62.0000000000
70733 66.0000000000
72796 67.0000000000
74570 70.0000000000
76125 71.0000000000
78910 72.0000000000
80215 74.0000000000
82199 76.0000000000
88828 81.0000000000
92302 86.0000000000
96826 88.0000000000
98579 90.0000000000
99000 4.0000000000
evaluations raw_y
1 0.0000000000
2 1.0000000000
4 3.0000000000
7 5.0000000000
90 7.0000000000
364 8.0000000000
771 9.0000000000
984 10.0000000000
2027 16.0000000000
4070 19.0000000000
6310 21.0000000000
6319 22.0000000000
11002 24.0000000000
12332 25.0000000000
14820 27.0000000000
14977 29.0000000000
16034 30.0000000000
17295 31.0000000000
18345 33.0000000000
20758 35.0000000000
22161 38.0000000000
26784 39.0000000000
28386 42.0000000000
31744 47.0000000000
38589 48.0000000000
38725 52.0000000000
42632 56.0000000000
46327 60.0000000000
48442 62.0000000000
52076 66.0000000000
52101 67.0000000000
56223 70.0000000000
62557 71.0000000000
64612 72.0000000000
68527 73.0000000000
72550 75.0000000000
78782 76.0000000000
78927 77.0000000000
81456 78.0000000000
82262 80.0000000000
87594 81.0000000000
88087 82.0000000000
90388 83.0000000000
90868 84.0000000000
92435 86.0000000000
94345 88.0000000000
99000 62.0000000000
evaluations raw_y
1 0.0000000000
2 1.0000000000
8 3.0000000000
13 5.0000000000
36 7.0000000000
617 9.0000000000
801 10.0000000000
2128 12.0000000000
2394 13.0000000000
4066 16.0000000000
6143 19.0000000000
6149 20.0000000000
8262 25.0000000000
10373 27.0000000000
12094 28.0000000000
14063 30.0000000000
16279 31.0000000000
16885 32.0000000000
18162 34.0000000000
20594 35.0000000000
21558 37.0000000000
24521 38.0000000000
24831 42.0000000000
26039 43.0000000000
30329 45.0000000000
34397 48.0000000000
40367 49.0000000000
40938 50.0000000000
44505 52.0000000000
45768 53.0000000000
46001 55.0000000000
46820 57.0000000000
52406 58.0000000000
54824 60.0000000000
56457 63.0000000000
58719 64.0000000000
60656 65.0000000000
62844 69.0000000000
66556 70.0000000000
68218 71.0000000000
74583 73.0000000000
76518 74.0000000000
76933 75.0000000000
78367 77.0000000000
80561 79.0000000000
82727 82.0000000000
82957 83.0000000000
84522 85.0000000000
86079 87.0000000000
88537 88.0000000000
90329 89.0000000000
94105 93.0000000000
98644 94.0000000000
99000 51.0000000000
evaluations raw_y
1 0.0000000000
2 1.0000000000
4 2.0000000000
20 3.0000000000
27 7.0000000000
321 9.0000000000
805 11.0000000000
2744 12.0000000000
2981 13.0000000000
4169 14.0000000000
4690 16.0000000000
4890 17.0000000000
4985 18.0000000000
6235 19.0000000000
6271 21.0000000000
6703 22.0000000000
8003 24.0000000000
8410 25.0000000000
10053 27.0000000000
12168 29.0000000000
12713 31.0000000000
14112 33.0000000000
14927 34.0000000000
16576 35.0000000000
16632 36.0000000000
16700 39.0000000000
18053 41.0000000000
18062 42.0000000000
20546 44.0000000000
20611 45.0000000000
24638 47.0000000000
26205 49.0000000000
28655 50.0000000000
29427 51.0000000000
30997 54.0000000000
32421 56.0000000000
36201 57.0000000000
36453 58.0000000000
38848 63.0000000000
42977 64.0000000000
44374 65.0000000000
46560 66.0000000000
52755 67.0000000000
52815 68.0000000000
56222 72.0000000000
56267 73.0000000000
62404 75.0000000000
64612 76.0000000000
66463 77.0000000000
68245 79.0000000000
72368 80.0000000000
72494 81.0000000000
74090 83.0000000000
74177 84.0000000000
76048 85.0000000000
78046 93.0000000000
84328 94.0000000000
88180 96.0000000000
90141 97.0000000000
94155 98.0000000000
94626 100.0000000000
95000 83.0000000000
evaluations raw_y
1 0.0000000000
2 2.0000000000
9 3.0000000000
14 4.0000000000
63 5.0000000000
247 7.0000000000
270 8.0000000000
431 13.0000000000
2976 14.0000000000
3976 16.0000000000
4197 22.0000000000
6561 23.0000000000
8244 25.0000000000
9950 27.0000000000
12227 28.0000000000
14611 32.0000000000
16551 33.0000000000
18639 34.0000000000
20270 35.0000000000
22018 36.0000000000
24657 37.0000000000
26694 41.0000000000
28560 42.0000000000
30342 43.0000000000
32596 45.0000000000
32597 48.0000000000
34107 49.0000000000
34655 50.0000000000
36966 52.0000000000
38647 56.0000000000
44824 57.0000000000
50252 60.0000000000
52323 61.0000000000
54592 62.0000000000
58358 64.0000000000
62352 65.0000000000
64226 70.0000000000
66591 72.0000000000
68075 73.0000000000
74835 74.0000000000
76916 76.0000000000
82345 77.0000000000
84268 78.0000000000
88468 79.0000000000
94313 85.0000000000
98289 86.0000000000
98370 88.0000000000
99000 79.0000000000
evaluations raw_y
1 0.0000000000
3 1.0000000000
10 2.0000000000
21 3.0000000000
22 4.0000000000
47 5.0000000000
50 6.0000000000
274 7.0000000000
332 8.0000000000
627 11.0000000000
2456 14.0000000000
4055 15.0000000000
4541 17.0000000000
6948 18.0000000000
8042 20.0000000000
8669 23.0000000000
10420 24.0000000000
12326 27.0000000000
14040 31.0000000000
18240 33.0000000000
20135 34.0000000000
22512 35.0000000000
26042 41.0000000000
30786 42.0000000000
32174 49.0000000000
34358 50.0000000000
36114 55.0000000000
40411 57.0000000000
42354 58.0000000000
46646 60.0000000000
50025 62.0000000000
52059 63.0000000000
54546 64.0000000000
58878 65.0000000000
62353 67.0000000000
62878 68.0000000000
64419 70.0000000000
64534 72.0000000000
70674 78.0000000000
74292 80.0000000000
76395 81.0000000000
78173 83.0000000000
80555 85.0000000000
85310 90.0000000000
89304 94.0000000000
94440 98.0000000000
98404 100.0000000000
99000 70.0000000000
evaluations raw_y
1 0.0000000000
3 1.0000000000
5 3.0000000000
9 4.0000000000
23 6.0000000000
149 14.0000000000
1149 15.0000000000
4207 19.0000000000
6015 21.0000000000
8161 25.0000000000
8975 27.0000000000
10002 28.0000000000
10508 29.0000000000
12258 30.0000000000
14988 31.0000000000
15981 34.0000000000
16405 35.0000000000
19003 36.0000000000
22690 37.0000000000
24767 40.0000000000
28069 41.0000000000
28695 42.0000000000
32365 44.0000000000
34474 45.0000000000
36349 48.0000000000
38627 51.0000000000
38653 54.0000000000
40072 55.0000000000
44577 58.0000000000
46156 59.0000000000
48220 60.0000000000
49479 63.0000000000
54071 69.0000000000
54557 72.0000000000
58494 74.0000000000
58546 75.0000000000
62133 77.0000000000
64101 78.0000000000
68438 79.0000000000
68478 80.0000000000
70128 81.0000000000
70248 82.0000000000
76200 84.0000000000
78380 87.0000000000
80166 88.0000000000
82308 92.0000000000
90270 93.0000000000
90974 96.0000000000
98209 97.0000000000
99000 82.0000000000
evaluations raw_y
1 2.0000000000
5 3.0000000000
25 6.0000000000
116 7.0000000000
410 11.0000000000
2216 14.0000000000
2917 17.0000000000
4974 18.0000000000
6022 19.0000000000
6049 21.0000000000
6547 22.0000000000
8259 25.0000000000
10185 29.0000000000
14883 31.0000000000
16804 32.0000000000
19556 35.0000000000
23229 37.0000000000
26281 38.0000000000
28517 43.0000000000
30411 47.0000000000
32727 49.0000000000
36071 50.0000000000
38205 51.0000000000
38460 54.0000000000
42205 55.0000000000
45000 56.0000000000
45990 60.0000000000
46774 61.0000000000
48489 63.0000000000
50339 65.0000000000
54125 66.0000000000
54558 67.0000000000
56102 68.0000000000
56324 71.0000000000
58309 73.0000000000
58325 80.0000000000
64159 81.0000000000
66591 82.0000000000
68664 83.0000000000
70323 85.0000000000
70349 88.0000000000
76168 91.0000000000
78243 92.0000000000
80099 93.0000000000
82373 94.0000000000
84106 99.0000000000
86215 100.0000000000
87000 81.0000000000
evaluations raw_y
1 1.0000000000
9 4.0000000000
21 8.0000000000
2215 9.0000000000
2544 11.0000000000
2793 12.0000000000
4318 16.0000000000
4671 18.0000000000
6347 20.0000000000
8164 22.0000000000
10636 23.0000000000
12274 27.0000000000
13981 28.0000000000
14085 29.0000000000
15925 30.0000000000
20418 31.0000000000
24799 33.0000000000
24833 36.0000000000
30239 37.0000000000
32135 39.0000000000
34331 40.0000000000
36220 43.0000000000
40206 44.0000000000
40647 49.0000000000
42643 51.0000000000
46759 55.0000000000
50642 56.0000000000
52653 61.0000000000
54366 62.0000000000
58782 65.0000000000
62292 68.0000000000
66151 71.0000000000
68225 75.0000000000
68421 76.0000000000
74667 79.0000000000
80268 81.0000000000
80433 82.0000000000
86183 84.0000000000
86852 86.0000000000
96625 88.0000000000
98147 90.0000000000
99000 86.0000000000
evaluations raw_y
1 0.0000000000
4 1.0000000000
5 4.0000000000
44 5.0000000000
55 6.0000000000
231 8.0000000000
2036 12.0000000000
2106 14.0000000000
4354 15.0000000000
4788 16.0000000000
6225 17.0000000000
6923 18.0000000000
8079 20.0000000000
8528 22.0000000000
10085 24.0000000000
11085 27.0000000000
14044 28.0000000000
18500 29.0000000000
20303 30.0000000000
20308 34.0000000000
22775 38.0000000000
24127 40.0000000000
28454 41.0000000000
30122 43.0000000000
32547 45.0000000000
38456 46.0000000000
38615 48.0000000000
40279 50.0000000000
44160 51.0000000000
44923 56.0000000000
46437 57.0000000000
48679 58.0000000000
52457 59.0000000000
54066 60.0000000000
54336 61.0000000000
56586 62.0000000000
58178 63.0000000000
60290 64.0000000000
64588 69.0000000000
66202 70.0000000000
66417 71.0000000000
66432 73.0000000000
72198 75.0000000000
74403 76.0000000000
76276 77.0000000000
76323 79.0000000000
80691 80.0000000000
82733 82.0000000000
89703 83.0000000000
92474 84.0000000000
94514 86.0000000000
96889 88.0000000000
99000 80.0000000000
evaluations raw_y
1 4.0000000000
17 6.0000000000
303 13.0000000000
2402 14.0000000000
4061 16.0000000000
4107 17.0000000000
5483 19.0000000000
8699 20.0000000000
8937 21.0000000000
10062 24.0000000000
13690 26.0000000000
16539 29.0000000000
18705 30.0000000000
19898 31.0000000000
20423 32.0000000000
25652 33.0000000000
28543 34.0000000000
28699 36.0000000000
30755 37.0000000000
32488 38.0000000000
34717 39.0000000000
36241 40.0000000000
39668 41.0000000000
42013 51.0000000000
45123 54.0000000000
50287 58.0000000000
52324 59.0000000000
56585 60.0000000000
62356 62.0000000000
66696 63.0000000000
68990 66.0000000000
70625 67.0000000000
72275 68.0000000000
74350 69.0000000000
74979 70.0000000000
76280 71.0000000000
76818 75.0000000000
82675 77.0000000000
84359 79.0000000000
86919 80.0000000000
88316 81.0000000000
90050 82.0000000000
95983 84.0000000000
98361 85.0000000000
99000 82.0000000000
