evaluations raw_y
1 53.0000000000
2 57.0000000000
5 58.0000000000
17 63.0000000000
396 64.0000000000
887 65.0000000000
2033 67.0000000000
2035 68.0000000000
2138 70.0000000000
2437 71.0000000000
2773 72.0000000000
4005 73.0000000000
4009 75.0000000000
4161 77.0000000000
4642 79.0000000000
6100 80.0000000000
6104 83.0000000000
8020 84.0000000000
8044 85.0000000000
8146 86.0000000000
8249 87.0000000000
8597 88.0000000000
10016 89.0000000000
10156 90.0000000000
10236 92.0000000000
12197 94.0000000000
12202 95.0000000000
12502 96.0000000000
14409 97.0000000000
14561 98.0000000000
16440 99.0000000000
18673 100.0000000000
19000 96.0000000000
evaluations raw_y
1 46.0000000000
2 47.0000000000
5 54.0000000000
6 56.0000000000
9 57.0000000000
10 60.0000000000
67 63.0000000000
175 65.0000000000
2036 66.0000000000
2095 69.0000000000
2461 70.0000000000
4013 72.0000000000
4106 73.0000000000
4165 74.0000000000
4176 76.0000000000
4416 78.0000000000
6066 82.0000000000
7658 83.0000000000
8004 87.0000000000
10010 89.0000000000
10095 90.0000000000
12016 91.0000000000
12068 93.0000000000
12642 94.0000000000
14047 95.0000000000
14093 97.0000000000
16089 98.0000000000
18305 99.0000000000
20087 100.0000000000
21000 95.0000000000
evaluations raw_y
1 43.0000000000
2 49.0000000000
4 50.0000000000
5 51.0000000000
7 53.0000000000
23 55.0000000000
34 58.0000000000
71 62.0000000000
478 64.0000000000
577 66.0000000000
1872 68.0000000000
2071 71.0000000000
4045 72.0000000000
4066 73.0000000000
4067 76.0000000000
4134 78.0000000000
4175 79.0000000000
6029 82.0000000000
6301 84.0000000000
8082 86.0000000000
8537 90.0000000000
10063 91.0000000000
10771 92.0000000000
12029 97.0000000000
14340 98.0000000000
16156 99.0000000000
16446 100.0000000000
17000 89.0000000000
evaluations raw_y
1 55.0000000000
12 56.0000000000
26 60.0000000000
44 61.0000000000
125 62.0000000000
411 63.0000000000
462 64.0000000000
831 65.0000000000
957 67.0000000000
2017 69.0000000000
2175 71.0000000000
3175 72.0000000000
4010 74.0000000000
4036 75.0000000000
4082 77.0000000000
4579 79.0000000000
6056 81.0000000000
6084 83.0000000000
6319 85.0000000000
8010 87.0000000000
8420 88.0000000000
8604 90.0000000000
9420 91.0000000000
10349 92.0000000000
12046 93.0000000000
12159 95.0000000000
12416 96.0000000000
14372 97.0000000000
14638 98.0000000000
16399 99.0000000000
18520 100.0000000000
19000 93.0000000000
evaluations raw_y
1 54.0000000000
5 56.0000000000
6 61.0000000000
53 64.0000000000
61 65.0000000000
315 67.0000000000
1315 69.0000000000
2193 71.0000000000
2226 75.0000000000
4102 77.0000000000
4152 78.0000000000
6037 79.0000000000
6134 81.0000000000
6376 83.0000000000
8011 84.0000000000
8044 85.0000000000
8124 86.0000000000
8330 87.0000000000
10064 89.0000000000
10186 90.0000000000
10335 92.0000000000
12043 94.0000000000
14088 97.0000000000
14784 98.0000000000
16347 99.0000000000
18303 100.0000000000
19000 94.0000000000
evaluations raw_y
1 56.0000000000
5 58.0000000000
20 63.0000000000
284 64.0000000000
383 65.0000000000
2007 67.0000000000
2192 68.0000000000
2356 69.0000000000
2453 70.0000000000
2899 72.0000000000
4123 73.0000000000
4128 74.0000000000
4194 76.0000000000
6009 77.0000000000
6069 79.0000000000
6410 82.0000000000
8057 83.0000000000
8058 84.0000000000
8065 86.0000000000
10036 87.0000000000
10039 89.0000000000
10118 90.0000000000
10415 91.0000000000
12091 92.0000000000
12106 93.0000000000
12480 94.0000000000
12659 95.0000000000
13480 96.0000000000
14039 98.0000000000
18083 99.0000000000
18781 100.0000000000
19000 92.0000000000
evaluations raw_y
1 39.0000000000
2 56.0000000000
18 57.0000000000
59 58.0000000000
69 59.0000000000
78 65.0000000000
2017 67.0000000000
2096 70.0000000000
2346 71.0000000000
2350 73.0000000000
4022 82.0000000000
6467 85.0000000000
6920 86.0000000000
8060 87.0000000000
8914 89.0000000000
10024 90.0000000000
10141 91.0000000000
12103 92.0000000000
12166 93.0000000000
12717 94.0000000000
12952 95.0000000000
14243 96.0000000000
16090 97.0000000000
16174 98.0000000000
16560 99.0000000000
20059 100.0000000000
21000 94.0000000000
evaluations raw_y
1 50.0000000000
2 62.0000000000
177 64.0000000000
603 66.0000000000
2007 68.0000000000
2168 71.0000000000
2878 72.0000000000
4077 78.0000000000
4131 79.0000000000
6028 82.0000000000
6177 84.0000000000
8018 86.0000000000
8194 87.0000000000
8837 89.0000000000
10075 90.0000000000
10354 91.0000000000
10984 95.0000000000
12440 96.0000000000
12894 98.0000000000
16199 99.0000000000
16798 100.0000000000
17000 97.0000000000
evaluations raw_y
1 48.0000000000
2 50.0000000000
4 53.0000000000
10 59.0000000000
22 60.0000000000
49 62.0000000000
122 63.0000000000
544 65.0000000000
1544 66.0000000000
2013 69.0000000000
2719 70.0000000000
4012 74.0000000000
4014 77.0000000000
4692 79.0000000000
6029 80.0000000000
6518 83.0000000000
6684 84.0000000000
8028 85.0000000000
8086 86.0000000000
8130 88.0000000000
8141 89.0000000000
8784 90.0000000000
10163 93.0000000000
10511 94.0000000000
12065 96.0000000000
12592 98.0000000000
16103 99.0000000000
16769 100.0000000000
17000 95.0000000000
evaluations raw_y
1 46.0000000000
3 62.0000000000
37 65.0000000000
2080 66.0000000000
2081 71.0000000000
2447 73.0000000000
4016 78.0000000000
6060 79.0000000000
6063 81.0000000000
6396 83.0000000000
8007 87.0000000000
8249 88.0000000000
8999 90.0000000000
10009 92.0000000000
12073 93.0000000000
12470 96.0000000000
14836 97.0000000000
16201 98.0000000000
18105 99.0000000000
18874 100.0000000000
19000 96.0000000000
evaluations raw_y
1 45.0000000000
2 47.0000000000
3 54.0000000000
11 55.0000000000
27 57.0000000000
31 62.0000000000
47 64.0000000000
684 67.0000000000
2014 68.0000000000
2114 70.0000000000
2346 71.0000000000
4017 72.0000000000
4020 73.0000000000
4142 75.0000000000
4179 77.0000000000
6039 78.0000000000
6046 79.0000000000
6104 82.0000000000
6246 83.0000000000
8012 84.0000000000
8036 88.0000000000
10004 89.0000000000
10116 90.0000000000
10786 91.0000000000
12048 93.0000000000
12057 94.0000000000
14062 95.0000000000
14192 96.0000000000
16074 97.0000000000
16570 98.0000000000
16885 99.0000000000
20140 100.0000000000
21000 94.0000000000
evaluations raw_y
1 62.0000000000
125 66.0000000000
752 68.0000000000
2080 73.0000000000
4017 76.0000000000
4253 77.0000000000
4987 79.0000000000
6129 82.0000000000
6691 83.0000000000
8039 84.0000000000
8318 85.0000000000
8390 86.0000000000
8689 87.0000000000
10025 93.0000000000
13293 95.0000000000
14118 96.0000000000
16067 97.0000000000
16151 98.0000000000
16316 99.0000000000
18089 100.0000000000
19000 92.0000000000
evaluations raw_y
1 56.0000000000
6 59.0000000000
17 62.0000000000
30 65.0000000000
2020 67.0000000000
2088 68.0000000000
2191 72.0000000000
4051 76.0000000000
4452 79.0000000000
6077 80.0000000000
6093 82.0000000000
8049 84.0000000000
8309 85.0000000000
8435 86.0000000000
8588 89.0000000000
10787 90.0000000000
12051 91.0000000000
12186 92.0000000000
12233 93.0000000000
14022 94.0000000000
14480 95.0000000000
14483 96.0000000000
16103 98.0000000000
18075 99.0000000000
20259 100.0000000000
21000 96.0000000000
evaluations raw_y
1 46.0000000000
2 49.0000000000
4 53.0000000000
9 55.0000000000
13 58.0000000000
54 62.0000000000
71 64.0000000000
744 69.0000000000
2082 70.0000000000
2120 72.0000000000
2268 73.0000000000
4103 74.0000000000
4108 76.0000000000
4251 77.0000000000
4608 78.0000000000
6004 80.0000000000
6131 81.0000000000
6155 83.0000000000
8022 86.0000000000
8299 87.0000000000
8470 88.0000000000
10150 89.0000000000
10262 91.0000000000
12028 92.0000000000
12195 93.0000000000
12553 94.0000000000
12988 95.0000000000
14190 96.0000000000
14196 97.0000000000
16072 98.0000000000
16346 99.0000000000
18541 100.0000000000
19000 92.0000000000
evaluations raw_y
1 49.0000000000
4 53.0000000000
9 56.0000000000
15 59.0000000000
40 62.0000000000
74 63.0000000000
137 67.0000000000
1137 68.0000000000
2132 70.0000000000
2133 72.0000000000
3780 73.0000000000
4031 74.0000000000
4033 75.0000000000
4152 76.0000000000
4691 78.0000000000
4789 81.0000000000
6042 82.0000000000
6221 83.0000000000
6362 84.0000000000
7042 85.0000000000
8040 86.0000000000
8118 87.0000000000
8190 89.0000000000
10115 90.0000000000
10202 91.0000000000
10860 92.0000000000
12089 93.0000000000
12175 94.0000000000
14100 95.0000000000
14254 96.0000000000
14909 97.0000000000
16232 98.0000000000
18086 99.0000000000
18768 100.0000000000
19000 92.0000000000
evaluations raw_y
1 52.0000000000
2 54.0000000000
12 60.0000000000
72 62.0000000000
151 65.0000000000
2095 69.0000000000
2756 70.0000000000
3095 71.0000000000
4008 72.0000000000
4140 76.0000000000
5140 79.0000000000
6271 80.0000000000
6643 81.0000000000
8009 82.0000000000
8150 83.0000000000
8231 84.0000000000
8437 86.0000000000
8899 87.0000000000
10052 88.0000000000
10198 89.0000000000
10491 90.0000000000
12069 91.0000000000
12074 92.0000000000
12447 93.0000000000
12634 94.0000000000
14042 95.0000000000
14095 96.0000000000
16084 98.0000000000
18489 99.0000000000
20088 100.0000000000
21000 95.0000000000
evaluations raw_y
1 51.0000000000
5 52.0000000000
13 55.0000000000
25 58.0000000000
32 59.0000000000
38 60.0000000000
64 61.0000000000
82 62.0000000000
564 63.0000000000
779 64.0000000000
1900 65.0000000000
2004 66.0000000000
2019 67.0000000000
2028 69.0000000000
2050 71.0000000000
2369 74.0000000000
4014 77.0000000000
5494 78.0000000000
6022 81.0000000000
6088 82.0000000000
6680 83.0000000000
8036 86.0000000000
8513 87.0000000000
8936 89.0000000000
10299 91.0000000000
10425 93.0000000000
12658 95.0000000000
14035 96.0000000000
14400 97.0000000000
14935 98.0000000000
18102 99.0000000000
18833 100.0000000000
19000 92.0000000000
evaluations raw_y
1 54.0000000000
8 57.0000000000
13 60.0000000000
68 65.0000000000
2044 68.0000000000
2091 71.0000000000
3091 72.0000000000
4015 75.0000000000
4247 77.0000000000
5991 78.0000000000
6013 79.0000000000
6169 80.0000000000
6176 81.0000000000
6701 82.0000000000
8003 83.0000000000
8055 85.0000000000
8271 86.0000000000
8387 87.0000000000
8400 89.0000000000
10668 90.0000000000
12022 91.0000000000
12048 92.0000000000
12310 93.0000000000
12877 94.0000000000
14057 95.0000000000
14058 96.0000000000
14269 97.0000000000
16316 98.0000000000
16541 99.0000000000
18659 100.0000000000
19000 97.0000000000
evaluations raw_y
1 43.0000000000
3 45.0000000000
4 46.0000000000
5 52.0000000000
6 55.0000000000
7 56.0000000000
11 57.0000000000
17 59.0000000000
26 61.0000000000
91 63.0000000000
773 64.0000000000
1334 65.0000000000
2043 66.0000000000
2076 68.0000000000
2138 73.0000000000
4121 75.0000000000
4128 76.0000000000
4978 77.0000000000
6052 78.0000000000
6098 80.0000000000
6151 81.0000000000
6784 82.0000000000
7334 83.0000000000
8038 84.0000000000
8214 87.0000000000
8881 88.0000000000
10029 89.0000000000
10797 91.0000000000
12022 92.0000000000
12369 93.0000000000
14051 94.0000000000
14205 95.0000000000
14377 96.0000000000
16074 98.0000000000
18118 99.0000000000
20645 100.0000000000
21000 99.0000000000
evaluations raw_y
1 58.0000000000
50 67.0000000000
2099 69.0000000000
2131 70.0000000000
2370 73.0000000000
4041 74.0000000000
4042 75.0000000000
4120 76.0000000000
4363 78.0000000000
6016 80.0000000000
6069 81.0000000000
6215 83.0000000000
8025 84.0000000000
8094 85.0000000000
8520 86.0000000000
8555 87.0000000000
10100 91.0000000000
12073 93.0000000000
12076 94.0000000000
12153 95.0000000000
14306 96.0000000000
14666 97.0000000000
16092 98.0000000000
16399 99.0000000000
18116 100.0000000000
19000 95.0000000000
evaluations raw_y
1 54.0000000000
4 58.0000000000
38 60.0000000000
48 61.0000000000
180 63.0000000000
484 64.0000000000
2026 67.0000000000
2108 68.0000000000
2112 70.0000000000
4054 74.0000000000
4442 77.0000000000
6042 79.0000000000
6045 85.0000000000
8379 86.0000000000
8409 88.0000000000
10233 90.0000000000
12064 91.0000000000
12271 93.0000000000
14036 94.0000000000
14229 95.0000000000
14635 96.0000000000
16084 97.0000000000
16230 98.0000000000
18238 99.0000000000
18905 100.0000000000
19000 95.0000000000
evaluations raw_y
1 51.0000000000
2 54.0000000000
7 57.0000000000
16 58.0000000000
22 61.0000000000
152 63.0000000000
302 64.0000000000
379 67.0000000000
2039 68.0000000000
2053 69.0000000000
2343 71.0000000000
2570 72.0000000000
3570 75.0000000000
4279 76.0000000000
4835 77.0000000000
6023 78.0000000000
6165 79.0000000000
6235 81.0000000000
6805 83.0000000000
8014 86.0000000000
8450 88.0000000000
9450 89.0000000000
10163 92.0000000000
12183 93.0000000000
12221 94.0000000000
12340 95.0000000000
14023 96.0000000000
14532 97.0000000000
16066 98.0000000000
16485 99.0000000000
18162 100.0000000000
19000 93.0000000000
evaluations raw_y
1 47.0000000000
2 58.0000000000
27 59.0000000000
47 61.0000000000
53 63.0000000000
68 64.0000000000
355 66.0000000000
2039 68.0000000000
2198 69.0000000000
2244 70.0000000000
2578 71.0000000000
2716 72.0000000000
2733 75.0000000000
4297 78.0000000000
6067 79.0000000000
6130 80.0000000000
6396 82.0000000000
6570 83.0000000000
7570 84.0000000000
8331 86.0000000000
10026 87.0000000000
10028 89.0000000000
12045 90.0000000000
12046 91.0000000000
12054 92.0000000000
12383 93.0000000000
12748 94.0000000000
14329 95.0000000000
16293 96.0000000000
16316 97.0000000000
16819 98.0000000000
18074 99.0000000000
20839 100.0000000000
21000 93.0000000000
evaluations raw_y
1 53.0000000000
10 54.0000000000
14 56.0000000000
29 59.0000000000
66 64.0000000000
2026 67.0000000000
2028 68.0000000000
2124 70.0000000000
2270 71.0000000000
2766 73.0000000000
2768 74.0000000000
4041 75.0000000000
4043 77.0000000000
4295 78.0000000000
6028 81.0000000000
6062 82.0000000000
6877 83.0000000000
8049 85.0000000000
8173 87.0000000000
8736 88.0000000000
10033 89.0000000000
10076 90.0000000000
10084 91.0000000000
10095 92.0000000000
10761 93.0000000000
12095 94.0000000000
12900 95.0000000000
14087 96.0000000000
14191 97.0000000000
16105 98.0000000000
16438 99.0000000000
18790 100.0000000000
19000 92.0000000000
evaluations raw_y
1 57.0000000000
9 58.0000000000
34 61.0000000000
60 64.0000000000
404 66.0000000000
946 67.0000000000
2003 68.0000000000
2012 69.0000000000
2268 71.0000000000
2301 72.0000000000
4014 73.0000000000
4152 74.0000000000
4163 75.0000000000
4171 76.0000000000
4699 78.0000000000
6009 82.0000000000
8022 83.0000000000
8024 87.0000000000
10071 88.0000000000
10121 90.0000000000
10468 91.0000000000
12217 92.0000000000
12219 93.0000000000
12539 94.0000000000
12976 96.0000000000
14249 97.0000000000
16177 98.0000000000
16506 99.0000000000
18165 100.0000000000
19000 92.0000000000
evaluations raw_y
1 58.0000000000
17 60.0000000000
91 65.0000000000
822 68.0000000000
2262 69.0000000000
2365 74.0000000000
4009 76.0000000000
4142 78.0000000000
6070 80.0000000000
6271 81.0000000000
6899 82.0000000000
8033 83.0000000000
8135 84.0000000000
8437 86.0000000000
10015 88.0000000000
10099 89.0000000000
12023 90.0000000000
12097 92.0000000000
12598 93.0000000000
12837 94.0000000000
14192 95.0000000000
14377 96.0000000000
16089 98.0000000000
16407 100.0000000000
17000 88.0000000000
evaluations raw_y
1 42.0000000000
2 50.0000000000
4 54.0000000000
10 57.0000000000
80 60.0000000000
155 61.0000000000
178 62.0000000000
198 68.0000000000
2007 69.0000000000
2052 71.0000000000
2057 72.0000000000
2248 73.0000000000
2470 74.0000000000
4125 75.0000000000
4214 76.0000000000
4349 77.0000000000
4358 78.0000000000
4586 80.0000000000
5586 81.0000000000
6524 82.0000000000
6634 84.0000000000
8078 85.0000000000
8149 87.0000000000
8642 88.0000000000
10115 89.0000000000
10310 90.0000000000
12025 91.0000000000
12055 92.0000000000
12131 93.0000000000
14129 94.0000000000
14149 97.0000000000
16722 98.0000000000
18114 100.0000000000
19000 93.0000000000
evaluations raw_y
1 51.0000000000
2 56.0000000000
3 58.0000000000
22 59.0000000000
50 64.0000000000
608 65.0000000000
837 67.0000000000
2105 68.0000000000
2112 70.0000000000
2153 73.0000000000
3153 74.0000000000
4041 76.0000000000
4065 77.0000000000
4164 79.0000000000
5695 80.0000000000
6004 81.0000000000
6183 82.0000000000
6319 83.0000000000
6379 84.0000000000
7319 86.0000000000
8084 87.0000000000
8152 89.0000000000
8164 91.0000000000
10040 92.0000000000
12105 94.0000000000
12453 96.0000000000
14220 97.0000000000
16105 98.0000000000
16403 99.0000000000
16687 100.0000000000
17000 95.0000000000
evaluations raw_y
1 60.0000000000
39 61.0000000000
104 62.0000000000
299 63.0000000000
513 64.0000000000
1299 68.0000000000
2002 69.0000000000
2094 72.0000000000
4002 74.0000000000
4155 76.0000000000
4446 77.0000000000
4587 81.0000000000
6180 83.0000000000
8118 84.0000000000
8122 85.0000000000
8214 88.0000000000
10033 89.0000000000
10063 90.0000000000
10850 91.0000000000
12060 92.0000000000
12114 94.0000000000
14053 95.0000000000
14872 96.0000000000
16038 97.0000000000
16228 98.0000000000
18329 99.0000000000
18856 100.0000000000
19000 91.0000000000
evaluations raw_y
1 54.0000000000
2 56.0000000000
13 59.0000000000
53 61.0000000000
90 62.0000000000
273 63.0000000000
284 64.0000000000
791 70.0000000000
2168 71.0000000000
2903 72.0000000000
4071 74.0000000000
4125 76.0000000000
5628 78.0000000000
6032 79.0000000000
6118 81.0000000000
6227 84.0000000000
8045 88.0000000000
8963 89.0000000000
10162 90.0000000000
10190 91.0000000000
10441 92.0000000000
12016 93.0000000000
12183 95.0000000000
14099 96.0000000000
14555 97.0000000000
16103 99.0000000000
18264 100.0000000000
19000 94.0000000000
evaluations raw_y
1 58.0000000000
47 59.0000000000
93 60.0000000000
126 61.0000000000
244 62.0000000000
355 64.0000000000
569 66.0000000000
817 68.0000000000
1817 69.0000000000
2076 72.0000000000
2087 73.0000000000
2452 74.0000000000
2917 75.0000000000
4165 79.0000000000
4721 82.0000000000
6049 83.0000000000
6147 85.0000000000
6890 87.0000000000
8359 90.0000000000
10108 91.0000000000
10186 92.0000000000
12082 94.0000000000
12635 95.0000000000
14033 96.0000000000
14034 99.0000000000
18763 100.0000000000
19000 93.0000000000
evaluations raw_y
1 58.0000000000
27 59.0000000000
32 61.0000000000
144 62.0000000000
210 63.0000000000
339 67.0000000000
2158 70.0000000000
2243 71.0000000000
4008 73.0000000000
4135 75.0000000000
4143 77.0000000000
4699 78.0000000000
6064 79.0000000000
6074 80.0000000000
6350 81.0000000000
6608 82.0000000000
6855 83.0000000000
8022 84.0000000000
8053 87.0000000000
8575 88.0000000000
10025 89.0000000000
10046 90.0000000000
10225 92.0000000000
10366 93.0000000000
12228 94.0000000000
14113 95.0000000000
14127 96.0000000000
14247 97.0000000000
16076 99.0000000000
18162 100.0000000000
19000 97.0000000000
evaluations raw_y
1 42.0000000000
2 49.0000000000
3 52.0000000000
10 54.0000000000
16 58.0000000000
23 60.0000000000
63 63.0000000000
136 66.0000000000
1472 67.0000000000
2031 71.0000000000
2296 73.0000000000
4039 75.0000000000
4224 77.0000000000
4539 78.0000000000
4661 80.0000000000
6059 85.0000000000
8094 86.0000000000
8095 87.0000000000
8106 88.0000000000
8696 89.0000000000
8705 90.0000000000
10110 92.0000000000
10276 93.0000000000
12011 94.0000000000
12214 95.0000000000
12531 96.0000000000
14008 98.0000000000
16111 99.0000000000
18127 100.0000000000
19000 95.0000000000
evaluations raw_y
1 31.0000000000
2 64.0000000000
575 65.0000000000
634 66.0000000000
2027 67.0000000000
2069 70.0000000000
2247 71.0000000000
2759 72.0000000000
4007 75.0000000000
4052 77.0000000000
6019 79.0000000000
6051 80.0000000000
6062 83.0000000000
8078 84.0000000000
8160 85.0000000000
8259 88.0000000000
10015 90.0000000000
12048 91.0000000000
12079 92.0000000000
12155 94.0000000000
12659 95.0000000000
14134 96.0000000000
16067 97.0000000000
16145 98.0000000000
16482 99.0000000000
18725 100.0000000000
19000 97.0000000000
evaluations raw_y
1 51.0000000000
3 59.0000000000
31 60.0000000000
32 62.0000000000
61 63.0000000000
180 66.0000000000
2003 67.0000000000
2045 68.0000000000
2069 70.0000000000
2322 71.0000000000
3997 74.0000000000
4071 75.0000000000
4142 76.0000000000
4158 77.0000000000
6027 78.0000000000
6044 79.0000000000
6050 80.0000000000
6414 81.0000000000
6779 82.0000000000
8058 83.0000000000
8065 86.0000000000
8217 87.0000000000
10057 88.0000000000
10105 92.0000000000
12048 93.0000000000
12185 95.0000000000
14073 96.0000000000
14156 97.0000000000
16087 98.0000000000
16950 99.0000000000
20427 100.0000000000
21000 94.0000000000
evaluations raw_y
1 46.0000000000
2 59.0000000000
24 62.0000000000
48 64.0000000000
866 65.0000000000
1866 67.0000000000
2008 68.0000000000
2060 69.0000000000
2119 70.0000000000
2179 72.0000000000
4024 74.0000000000
4205 75.0000000000
4475 77.0000000000
4720 78.0000000000
6159 84.0000000000
7159 85.0000000000
8145 87.0000000000
8260 88.0000000000
10036 89.0000000000
10056 90.0000000000
10066 91.0000000000
10269 92.0000000000
12014 93.0000000000
12143 95.0000000000
14110 96.0000000000
14117 97.0000000000
16042 99.0000000000
18283 100.0000000000
19000 92.0000000000
evaluations raw_y
1 61.0000000000
48 62.0000000000
241 63.0000000000
871 64.0000000000
2017 65.0000000000
2047 69.0000000000
2153 70.0000000000
2284 72.0000000000
4054 74.0000000000
4132 75.0000000000
4192 76.0000000000
4431 79.0000000000
6026 80.0000000000
6163 82.0000000000
8039 84.0000000000
8112 86.0000000000
8637 88.0000000000
10045 90.0000000000
10165 91.0000000000
12047 92.0000000000
12048 95.0000000000
14023 98.0000000000
16492 99.0000000000
18229 100.0000000000
19000 92.0000000000
evaluations raw_y
1 55.0000000000
14 58.0000000000
34 60.0000000000
138 61.0000000000
220 62.0000000000
450 64.0000000000
624 67.0000000000
1759 69.0000000000
2232 70.0000000000
2346 73.0000000000
3590 74.0000000000
4001 75.0000000000
4506 78.0000000000
6030 82.0000000000
8063 84.0000000000
8155 85.0000000000
8445 87.0000000000
8473 88.0000000000
8874 89.0000000000
10093 91.0000000000
10186 92.0000000000
10434 94.0000000000
12751 95.0000000000
14169 96.0000000000
14882 97.0000000000
15882 98.0000000000
18350 99.0000000000
18594 100.0000000000
19000 95.0000000000
evaluations raw_y
1 48.0000000000
2 50.0000000000
3 51.0000000000
9 52.0000000000
20 55.0000000000
23 61.0000000000
149 63.0000000000
994 65.0000000000
1994 66.0000000000
2005 70.0000000000
2560 71.0000000000
3910 72.0000000000
4054 73.0000000000
4057 74.0000000000
4189 77.0000000000
4382 78.0000000000
6038 80.0000000000
6144 83.0000000000
6516 85.0000000000
8101 88.0000000000
10044 89.0000000000
10047 90.0000000000
10075 94.0000000000
12312 97.0000000000
14231 98.0000000000
16279 99.0000000000
16440 100.0000000000
17000 93.0000000000
evaluations raw_y
1 53.0000000000
3 56.0000000000
15 58.0000000000
19 59.0000000000
22 60.0000000000
108 62.0000000000
118 64.0000000000
1498 65.0000000000
2065 66.0000000000
2111 67.0000000000
2113 69.0000000000
2179 70.0000000000
2469 71.0000000000
2527 72.0000000000
4024 78.0000000000
5024 79.0000000000
5530 80.0000000000
6109 81.0000000000
6132 83.0000000000
7132 85.0000000000
8067 87.0000000000
8296 88.0000000000
8410 92.0000000000
10169 93.0000000000
12020 96.0000000000
12455 98.0000000000
16298 99.0000000000
18355 100.0000000000
19000 97.0000000000
evaluations raw_y
1 56.0000000000
5 64.0000000000
285 66.0000000000
632 68.0000000000
1887 72.0000000000
2809 74.0000000000
2960 75.0000000000
4087 77.0000000000
4472 78.0000000000
6020 79.0000000000
6056 80.0000000000
6104 81.0000000000
6173 82.0000000000
6494 84.0000000000
8092 85.0000000000
8275 86.0000000000
8408 87.0000000000
10047 92.0000000000
12200 95.0000000000
14062 96.0000000000
14680 97.0000000000
16178 98.0000000000
16211 99.0000000000
18221 100.0000000000
19000 92.0000000000
evaluations raw_y
1 45.0000000000
3 54.0000000000
7 56.0000000000
11 58.0000000000
79 62.0000000000
127 65.0000000000
2034 67.0000000000
2069 70.0000000000
2328 71.0000000000
4023 72.0000000000
4102 73.0000000000
4123 75.0000000000
4176 77.0000000000
6044 78.0000000000
6080 79.0000000000
6337 80.0000000000
6622 81.0000000000
6832 82.0000000000
8017 83.0000000000
8111 85.0000000000
9741 87.0000000000
10037 90.0000000000
10561 91.0000000000
12065 92.0000000000
12146 93.0000000000
12318 94.0000000000
14167 96.0000000000
16003 97.0000000000
16305 98.0000000000
18416 99.0000000000
18476 100.0000000000
19000 92.0000000000
evaluations raw_y
1 42.0000000000
2 57.0000000000
4 58.0000000000
47 60.0000000000
129 61.0000000000
311 62.0000000000
386 64.0000000000
598 65.0000000000
1858 67.0000000000
2085 72.0000000000
4015 74.0000000000
4122 75.0000000000
6007 78.0000000000
6096 82.0000000000
8034 83.0000000000
8064 84.0000000000
8530 86.0000000000
10033 88.0000000000
10217 89.0000000000
10474 90.0000000000
12134 92.0000000000
12521 94.0000000000
14144 95.0000000000
14801 96.0000000000
16196 97.0000000000
16545 98.0000000000
18150 99.0000000000
18724 100.0000000000
19000 91.0000000000
evaluations raw_y
1 49.0000000000
2 51.0000000000
4 53.0000000000
5 58.0000000000
10 63.0000000000
311 65.0000000000
880 66.0000000000
2039 67.0000000000
2041 69.0000000000
2197 72.0000000000
3905 73.0000000000
4022 75.0000000000
4170 78.0000000000
4448 83.0000000000
6338 84.0000000000
6357 85.0000000000
8101 87.0000000000
8166 89.0000000000
10012 91.0000000000
10472 92.0000000000
12242 93.0000000000
12497 96.0000000000
14159 97.0000000000
16089 99.0000000000
18489 100.0000000000
19000 92.0000000000
evaluations raw_y
1 53.0000000000
3 56.0000000000
8 59.0000000000
31 62.0000000000
133 65.0000000000
1133 67.0000000000
2015 71.0000000000
2579 73.0000000000
4032 77.0000000000
4300 78.0000000000
6017 81.0000000000
6280 82.0000000000
6566 86.0000000000
8034 88.0000000000
8467 89.0000000000
10131 90.0000000000
10138 91.0000000000
12050 94.0000000000
14104 95.0000000000
14294 96.0000000000
14469 97.0000000000
16106 99.0000000000
18139 100.0000000000
19000 97.0000000000
evaluations raw_y
1 54.0000000000
5 56.0000000000
12 64.0000000000
617 65.0000000000
991 70.0000000000
2331 75.0000000000
4147 77.0000000000
4391 78.0000000000
4763 79.0000000000
6027 80.0000000000
6174 81.0000000000
6461 82.0000000000
8014 83.0000000000
8134 84.0000000000
8137 85.0000000000
8234 86.0000000000
8529 87.0000000000
10018 88.0000000000
10156 89.0000000000
10264 90.0000000000
10421 91.0000000000
10793 92.0000000000
12105 94.0000000000
14325 95.0000000000
14635 96.0000000000
14779 97.0000000000
16427 99.0000000000
18897 100.0000000000
19000 95.0000000000
evaluations raw_y
1 53.0000000000
8 59.0000000000
12 60.0000000000
72 62.0000000000
299 65.0000000000
2004 66.0000000000
2017 68.0000000000
2031 70.0000000000
2086 71.0000000000
4046 75.0000000000
4048 77.0000000000
6008 78.0000000000
6102 80.0000000000
6366 81.0000000000
6509 82.0000000000
8019 84.0000000000
8061 85.0000000000
8421 89.0000000000
10195 91.0000000000
12021 93.0000000000
12328 94.0000000000
12368 96.0000000000
14317 97.0000000000
16031 98.0000000000
16310 99.0000000000
18903 100.0000000000
19000 92.0000000000
evaluations raw_y
1 54.0000000000
4 56.0000000000
16 58.0000000000
29 60.0000000000
102 61.0000000000
370 62.0000000000
585 65.0000000000
2003 66.0000000000
2106 68.0000000000
2241 70.0000000000
2599 74.0000000000
3599 75.0000000000
4288 76.0000000000
4412 78.0000000000
4652 80.0000000000
6052 82.0000000000
7619 84.0000000000
8076 87.0000000000
10013 88.0000000000
10171 89.0000000000
10314 90.0000000000
12062 91.0000000000
12153 93.0000000000
12388 94.0000000000
14222 96.0000000000
16010 97.0000000000
16538 98.0000000000
16901 99.0000000000
18119 100.0000000000
19000 91.0000000000
evaluations raw_y
1 50.0000000000
5 60.0000000000
56 61.0000000000
118 62.0000000000
299 64.0000000000
591 65.0000000000
766 69.0000000000
2022 70.0000000000
2272 72.0000000000
3905 74.0000000000
4001 77.0000000000
4349 78.0000000000
6017 82.0000000000
6726 84.0000000000
8131 88.0000000000
8637 89.0000000000
10238 90.0000000000
10317 91.0000000000
10331 92.0000000000
12092 93.0000000000
12106 95.0000000000
14024 96.0000000000
14112 98.0000000000
16137 99.0000000000
16791 100.0000000000
17000 90.0000000000
evaluations raw_y
1 54.0000000000
4 55.0000000000
16 59.0000000000
223 62.0000000000
712 63.0000000000
783 67.0000000000
2039 71.0000000000
2175 73.0000000000
2634 74.0000000000
3634 77.0000000000
4620 78.0000000000
6021 79.0000000000
6252 80.0000000000
6411 82.0000000000
6771 84.0000000000
8120 86.0000000000
8240 90.0000000000
10327 92.0000000000
12044 93.0000000000
12474 94.0000000000
14072 95.0000000000
14153 96.0000000000
14279 97.0000000000
16110 98.0000000000
16961 100.0000000000
17000 90.0000000000
